0.0000e+00	2.0512e-07
2.4414e+00	1.0240e-07
4.8828e+00	1.0339e-10
7.3242e+00	8.9288e-11
9.7656e+00	9.3327e-11
1.2207e+01	8.7857e-11
1.4648e+01	1.0889e-10
1.7090e+01	1.1481e-10
1.9531e+01	1.2863e-10
2.1973e+01	1.0396e-10
2.4414e+01	8.7814e-11
2.6855e+01	9.6979e-11
2.9297e+01	8.8951e-11
3.1738e+01	8.8914e-11
3.4180e+01	1.0333e-10
3.6621e+01	9.2890e-11
3.9062e+01	9.0462e-11
4.1504e+01	1.0578e-10
4.3945e+01	1.0098e-10
4.6387e+01	9.7534e-11
4.8828e+01	8.7858e-11
5.1270e+01	1.0140e-10
5.3711e+01	1.0825e-10
5.6152e+01	1.2382e-10
5.8594e+01	1.1706e-10
6.1035e+01	9.7804e-11
6.3477e+01	1.1164e-10
6.5918e+01	7.8916e-11
6.8359e+01	9.0331e-11
7.0801e+01	9.7335e-11
7.3242e+01	9.3698e-11
7.5684e+01	1.1476e-10
7.8125e+01	9.3819e-11
8.0566e+01	1.1606e-10
8.3008e+01	1.2608e-10
8.5449e+01	1.1141e-10
8.7891e+01	1.1258e-10
9.0332e+01	1.0089e-10
9.2773e+01	1.0761e-10
9.5215e+01	1.0292e-10
9.7656e+01	1.2663e-10
1.0010e+02	1.6308e-10
1.0254e+02	1.4443e-10
1.0498e+02	1.0839e-10
1.0742e+02	1.2311e-10
1.0986e+02	1.4291e-10
1.1230e+02	1.4199e-10
1.1475e+02	1.4842e-10
1.1719e+02	1.2952e-10
1.1963e+02	2.0840e-10
1.2207e+02	3.2332e-10
1.2451e+02	4.4976e-10
1.2695e+02	1.3915e-09
1.2939e+02	3.6330e-09
1.3184e+02	1.6284e-08
1.3428e+02	1.3812e-07
1.3672e+02	2.2578e-05
1.3916e+02	2.6176e-04
1.4160e+02	4.3962e-04
1.4404e+02	3.9871e-04
1.4648e+02	5.1273e-04
1.4893e+02	5.0306e-04
1.5137e+02	4.8786e-04
1.5381e+02	4.7867e-04
1.5625e+02	3.3313e-04
1.5869e+02	2.8784e-04
1.6113e+02	3.7709e-04
1.6357e+02	4.0451e-04
1.6602e+02	4.2052e-04
1.6846e+02	4.8362e-04
1.7090e+02	4.7966e-04
1.7334e+02	3.6279e-04
1.7578e+02	4.2423e-04
1.7822e+02	4.2266e-04
1.8066e+02	3.2971e-04
1.8311e+02	3.2343e-04
1.8555e+02	4.1951e-04
1.8799e+02	4.5972e-04
1.9043e+02	3.6709e-04
1.9287e+02	3.4787e-04
1.9531e+02	3.9975e-04
1.9775e+02	4.8120e-04
2.0020e+02	4.8007e-04
2.0264e+02	3.7641e-04
2.0508e+02	3.4041e-04
2.0752e+02	3.6323e-04
2.0996e+02	3.0899e-04
2.1240e+02	3.0199e-04
2.1484e+02	2.9427e-04
2.1729e+02	3.1678e-04
2.1973e+02	3.9865e-04
2.2217e+02	4.1141e-04
2.2461e+02	4.3295e-04
2.2705e+02	4.3644e-04
2.2949e+02	4.1432e-04
2.3193e+02	3.1965e-04
2.3438e+02	3.9409e-04
2.3682e+02	3.8076e-04
2.3926e+02	4.0672e-04
2.4170e+02	3.9340e-04
2.4414e+02	3.5866e-04
2.4658e+02	3.3327e-04
2.4902e+02	3.3425e-04
2.5146e+02	4.1543e-04
2.5391e+02	3.8149e-04
2.5635e+02	2.8025e-04
2.5879e+02	3.5130e-04
2.6123e+02	4.0367e-04
2.6367e+02	4.4998e-04
2.6611e+02	4.2698e-04
2.6855e+02	3.4057e-04
2.7100e+02	3.9399e-04
2.7344e+02	4.2867e-04
2.7588e+02	4.4014e-04
2.7832e+02	4.1200e-04
2.8076e+02	3.1422e-04
2.8320e+02	3.6377e-04
2.8564e+02	3.9916e-04
2.8809e+02	3.7371e-04
2.9053e+02	4.1320e-04
2.9297e+02	3.9417e-04
2.9541e+02	4.6303e-04
2.9785e+02	4.3609e-04
3.0029e+02	3.8222e-04
3.0273e+02	3.7463e-04
3.0518e+02	3.6337e-04
3.0762e+02	2.9098e-04
3.1006e+02	3.3540e-04
3.1250e+02	3.9245e-04
3.1494e+02	4.9093e-04
3.1738e+02	4.7106e-04
3.1982e+02	4.0989e-04
3.2227e+02	4.2743e-04
3.2471e+02	3.7872e-04
3.2715e+02	3.8770e-04
3.2959e+02	4.5294e-04
3.3203e+02	4.3224e-04
3.3447e+02	3.7056e-04
3.3691e+02	3.8612e-04
3.3936e+02	3.4039e-04
3.4180e+02	2.6037e-04
3.4424e+02	2.4996e-04
3.4668e+02	3.2204e-04
3.4912e+02	3.6316e-04
3.5156e+02	3.6517e-04
3.5400e+02	3.2619e-04
3.5645e+02	2.7317e-04
3.5889e+02	3.2064e-04
3.6133e+02	3.7046e-04
3.6377e+02	3.3392e-04
3.6621e+02	4.2848e-04
3.6865e+02	4.8095e-04
3.7109e+02	3.5502e-04
3.7354e+02	3.6279e-04
3.7598e+02	2.9204e-04
3.7842e+02	2.7516e-04
3.8086e+02	2.9416e-04
3.8330e+02	4.2270e-04
3.8574e+02	3.6204e-04
3.8818e+02	3.0474e-04
3.9062e+02	3.0479e-04
3.9307e+02	3.0880e-04
3.9551e+02	2.6354e-04
3.9795e+02	2.5340e-04
4.0039e+02	2.5349e-04
4.0283e+02	2.9687e-04
4.0527e+02	2.8053e-04
4.0771e+02	2.3549e-04
4.1016e+02	2.3614e-04
4.1260e+02	2.7187e-04
4.1504e+02	2.3478e-04
4.1748e+02	2.5032e-04
4.1992e+02	2.7193e-04
4.2236e+02	2.5924e-04
4.2480e+02	2.2085e-04
4.2725e+02	2.3050e-04
4.2969e+02	2.1310e-04
4.3213e+02	2.0963e-04
4.3457e+02	2.2719e-04
4.3701e+02	3.0452e-04
4.3945e+02	2.2876e-04
4.4189e+02	2.2745e-04
4.4434e+02	2.1605e-04
4.4678e+02	1.7566e-04
4.4922e+02	1.9892e-04
4.5166e+02	2.3744e-04
4.5410e+02	1.6848e-04
4.5654e+02	2.3033e-04
4.5898e+02	2.4584e-04
4.6143e+02	1.6704e-04
4.6387e+02	1.7185e-04
4.6631e+02	1.4462e-04
4.6875e+02	1.2419e-04
4.7119e+02	1.3442e-04
4.7363e+02	1.2265e-04
4.7607e+02	1.9540e-04
4.7852e+02	1.8058e-04
4.8096e+02	1.8288e-04
4.8340e+02	1.4391e-04
4.8584e+02	1.1906e-04
4.8828e+02	1.3505e-04
4.9072e+02	1.6967e-04
4.9316e+02	1.7946e-04
4.9561e+02	1.2813e-04
4.9805e+02	1.1125e-04
5.0049e+02	1.3284e-04
5.0293e+02	1.4431e-04
5.0537e+02	1.1965e-04
5.0781e+02	1.3163e-04
5.1025e+02	1.4873e-04
5.1270e+02	1.6168e-04
5.1514e+02	1.2066e-04
5.1758e+02	9.2358e-05
5.2002e+02	1.1987e-04
5.2246e+02	1.3436e-04
5.2490e+02	1.1925e-04
5.2734e+02	1.3211e-04
5.2979e+02	1.0549e-04
5.3223e+02	9.7518e-05
5.3467e+02	1.0035e-04
5.3711e+02	1.0429e-04
5.3955e+02	9.4603e-05
5.4199e+02	9.1666e-05
5.4443e+02	9.6926e-05
5.4688e+02	1.0653e-04
5.4932e+02	9.8968e-05
5.5176e+02	8.6250e-05
5.5420e+02	9.8458e-05
5.5664e+02	1.0278e-04
5.5908e+02	9.5484e-05
5.6152e+02	1.0051e-04
5.6396e+02	8.5456e-05
5.6641e+02	8.7898e-05
5.6885e+02	9.9229e-05
5.7129e+02	9.7488e-05
5.7373e+02	9.2425e-05
5.7617e+02	1.1262e-04
5.7861e+02	9.5499e-05
5.8105e+02	1.0219e-04
5.8350e+02	1.0414e-04
5.8594e+02	7.6197e-05
5.8838e+02	9.9525e-05
5.9082e+02	8.7174e-05
5.9326e+02	8.7459e-05
5.9570e+02	7.7713e-05
5.9814e+02	7.3662e-05
6.0059e+02	7.1484e-05
6.0303e+02	6.0997e-05
6.0547e+02	5.6696e-05
6.0791e+02	7.6908e-05
6.1035e+02	7.0101e-05
6.1279e+02	8.8523e-05
6.1523e+02	9.7506e-05
6.1768e+02	9.9103e-05
6.2012e+02	9.5756e-05
6.2256e+02	6.1575e-05
6.2500e+02	6.8267e-05
6.2744e+02	8.0781e-05
6.2988e+02	5.9943e-05
6.3232e+02	8.8300e-05
6.3477e+02	8.0726e-05
6.3721e+02	9.8822e-05
6.3965e+02	8.4605e-05
6.4209e+02	6.1591e-05
6.4453e+02	6.7340e-05
6.4697e+02	7.6890e-05
6.4941e+02	8.2931e-05
6.5186e+02	8.3494e-05
6.5430e+02	7.1555e-05
6.5674e+02	7.2828e-05
6.5918e+02	7.1100e-05
6.6162e+02	6.5724e-05
6.6406e+02	7.5632e-05
6.6650e+02	8.1045e-05
6.6895e+02	7.1480e-05
6.7139e+02	6.6224e-05
6.7383e+02	7.4372e-05
6.7627e+02	8.8283e-05
6.7871e+02	8.8689e-05
6.8115e+02	9.4147e-05
6.8359e+02	8.7966e-05
6.8604e+02	8.7463e-05
6.8848e+02	8.8490e-05
6.9092e+02	9.3613e-05
6.9336e+02	8.1872e-05
6.9580e+02	7.2939e-05
6.9824e+02	8.7450e-05
7.0068e+02	9.9147e-05
7.0312e+02	7.6462e-05
7.0557e+02	8.0676e-05
7.0801e+02	9.4547e-05
7.1045e+02	1.0832e-04
7.1289e+02	7.8522e-05
7.1533e+02	7.5473e-05
7.1777e+02	8.0338e-05
7.2021e+02	7.7028e-05
7.2266e+02	7.2181e-05
7.2510e+02	7.6415e-05
7.2754e+02	9.9379e-05
7.2998e+02	9.1298e-05
7.3242e+02	7.9889e-05
7.3486e+02	6.1928e-05
7.3730e+02	7.8677e-05
7.3975e+02	9.2903e-05
7.4219e+02	8.6569e-05
7.4463e+02	9.2676e-05
7.4707e+02	8.1660e-05
7.4951e+02	7.6925e-05
7.5195e+02	8.6015e-05
7.5439e+02	6.8048e-05
7.5684e+02	6.8966e-05
7.5928e+02	6.7422e-05
7.6172e+02	6.2861e-05
7.6416e+02	6.5937e-05
7.6660e+02	7.0126e-05
7.6904e+02	6.3906e-05
7.7148e+02	8.0870e-05
7.7393e+02	8.0256e-05
7.7637e+02	7.9409e-05
7.7881e+02	8.5052e-05
7.8125e+02	8.8446e-05
7.8369e+02	8.4629e-05
7.8613e+02	9.3760e-05
7.8857e+02	7.3404e-05
7.9102e+02	7.7843e-05
7.9346e+02	8.9218e-05
7.9590e+02	8.1663e-05
7.9834e+02	6.9424e-05
8.0078e+02	6.8383e-05
8.0322e+02	8.2937e-05
8.0566e+02	6.9398e-05
8.0811e+02	6.4620e-05
8.1055e+02	5.0537e-05
8.1299e+02	5.6290e-05
8.1543e+02	6.0479e-05
8.1787e+02	7.8177e-05
8.2031e+02	8.9116e-05
8.2275e+02	9.0004e-05
8.2520e+02	8.4343e-05
8.2764e+02	7.0719e-05
8.3008e+02	8.6520e-05
8.3252e+02	8.9269e-05
8.3496e+02	8.5706e-05
8.3740e+02	7.3822e-05
8.3984e+02	8.4271e-05
8.4229e+02	9.0392e-05
8.4473e+02	1.0191e-04
8.4717e+02	8.2640e-05
8.4961e+02	7.0043e-05
8.5205e+02	7.2559e-05
8.5449e+02	9.8150e-05
8.5693e+02	6.9637e-05
8.5938e+02	6.7362e-05
8.6182e+02	8.4861e-05
8.6426e+02	1.0425e-04
8.6670e+02	1.0653e-04
8.6914e+02	9.1519e-05
8.7158e+02	6.9827e-05
8.7402e+02	7.0234e-05
8.7646e+02	7.1072e-05
8.7891e+02	8.3864e-05
8.8135e+02	7.9036e-05
8.8379e+02	7.6483e-05
8.8623e+02	7.8080e-05
8.8867e+02	7.9839e-05
8.9111e+02	6.9440e-05
8.9355e+02	5.6073e-05
8.9600e+02	7.3387e-05
8.9844e+02	9.3927e-05
9.0088e+02	1.0754e-04
9.0332e+02	1.1668e-04
9.0576e+02	9.1036e-05
9.0820e+02	7.1642e-05
9.1064e+02	6.8038e-05
9.1309e+02	6.4405e-05
9.1553e+02	5.9910e-05
9.1797e+02	7.6312e-05
9.2041e+02	7.1742e-05
9.2285e+02	7.1086e-05
9.2529e+02	7.2446e-05
9.2773e+02	7.3540e-05
9.3018e+02	7.8210e-05
9.3262e+02	6.6118e-05
9.3506e+02	5.6537e-05
9.3750e+02	6.1866e-05
9.3994e+02	5.7591e-05
9.4238e+02	5.2622e-05
9.4482e+02	5.3908e-05
9.4727e+02	7.6013e-05
9.4971e+02	8.5998e-05
9.5215e+02	9.0478e-05
9.5459e+02	8.1085e-05
9.5703e+02	6.6325e-05
9.5947e+02	8.8636e-05
9.6191e+02	1.1414e-04
9.6436e+02	8.3145e-05
9.6680e+02	8.0902e-05
9.6924e+02	7.3867e-05
9.7168e+02	6.9547e-05
9.7412e+02	9.1420e-05
9.7656e+02	9.6290e-05
9.7900e+02	9.8169e-05
9.8145e+02	8.5051e-05
9.8389e+02	8.1122e-05
9.8633e+02	6.4925e-05
9.8877e+02	5.8706e-05
9.9121e+02	7.5009e-05
9.9365e+02	8.8276e-05
9.9609e+02	8.6403e-05
9.9854e+02	9.5380e-05
1.0010e+03	2.8670e-05
1.0034e+03	5.0862e-07
1.0059e+03	1.6031e-08
1.0083e+03	2.4175e-09
1.0107e+03	6.9533e-10
1.0132e+03	3.2122e-10
1.0156e+03	1.8979e-10
1.0181e+03	1.1930e-10
1.0205e+03	1.0548e-10
1.0229e+03	8.1226e-11
1.0254e+03	7.9564e-11
1.0278e+03	1.1260e-10
1.0303e+03	1.0464e-10
1.0327e+03	1.0411e-10
1.0352e+03	1.0428e-10
1.0376e+03	9.2537e-11
1.0400e+03	1.0790e-10
1.0425e+03	8.3974e-11
1.0449e+03	6.6000e-11
1.0474e+03	8.4173e-11
1.0498e+03	9.5848e-11
1.0522e+03	9.1021e-11
1.0547e+03	1.2004e-10
1.0571e+03	1.0355e-10
1.0596e+03	7.4017e-11
1.0620e+03	8.8003e-11
1.0645e+03	1.0622e-10
1.0669e+03	1.0368e-10
1.0693e+03	8.4112e-11
1.0718e+03	7.7896e-11
1.0742e+03	9.6716e-11
1.0767e+03	9.5497e-11
1.0791e+03	1.0778e-10
1.0815e+03	1.3316e-10
1.0840e+03	1.3328e-10
1.0864e+03	1.1492e-10
1.0889e+03	9.9871e-11
1.0913e+03	9.1037e-11
1.0938e+03	1.0982e-10
1.0962e+03	1.0625e-10
1.0986e+03	9.8319e-11
1.1011e+03	1.0960e-10
1.1035e+03	1.3287e-10
1.1060e+03	1.1974e-10
1.1084e+03	1.0561e-10
1.1108e+03	1.1443e-10
1.1133e+03	8.8035e-11
1.1157e+03	9.9043e-11
1.1182e+03	1.1303e-10
1.1206e+03	1.1939e-10
1.1230e+03	9.7330e-11
1.1255e+03	1.0306e-10
1.1279e+03	1.2849e-10
1.1304e+03	1.0274e-10
1.1328e+03	1.0082e-10
1.1353e+03	1.3245e-10
1.1377e+03	1.0923e-10
1.1401e+03	7.6972e-11
1.1426e+03	8.0652e-11
1.1450e+03	1.0010e-10
1.1475e+03	1.3571e-10
1.1499e+03	1.3449e-10
1.1523e+03	1.1018e-10
1.1548e+03	9.3391e-11
1.1572e+03	9.3675e-11
1.1597e+03	1.1447e-10
1.1621e+03	1.1367e-10
1.1646e+03	9.3327e-11
1.1670e+03	9.5605e-11
1.1694e+03	9.4194e-11
1.1719e+03	1.0193e-10
1.1743e+03	9.0407e-11
1.1768e+03	8.9938e-11
1.1792e+03	1.0201e-10
1.1816e+03	1.2100e-10
1.1841e+03	1.1062e-10
1.1865e+03	8.3440e-11
1.1890e+03	9.1520e-11
1.1914e+03	9.7698e-11
1.1938e+03	9.4940e-11
1.1963e+03	8.4821e-11
1.1987e+03	9.2032e-11
1.2012e+03	9.7657e-11
1.2036e+03	1.1637e-10
1.2061e+03	9.7939e-11
1.2085e+03	9.4618e-11
1.2109e+03	1.2231e-10
1.2134e+03	8.4965e-11
1.2158e+03	7.4872e-11
1.2183e+03	7.5517e-11
1.2207e+03	9.8900e-11
1.2231e+03	1.2731e-10
1.2256e+03	9.2092e-11
1.2280e+03	9.1949e-11
1.2305e+03	9.4175e-11
1.2329e+03	8.3878e-11
1.2354e+03	9.5046e-11
1.2378e+03	1.0335e-10
1.2402e+03	8.7744e-11
1.2427e+03	1.0138e-10
1.2451e+03	1.1324e-10
1.2476e+03	1.0806e-10
1.2500e+03	8.7740e-11
1.2524e+03	1.1865e-10
1.2549e+03	1.0441e-10
1.2573e+03	9.9588e-11
1.2598e+03	9.0628e-11
1.2622e+03	8.3394e-11
1.2646e+03	7.7313e-11
1.2671e+03	7.1795e-11
1.2695e+03	1.0246e-10
1.2720e+03	7.7891e-11
1.2744e+03	9.1444e-11
1.2769e+03	1.0746e-10
1.2793e+03	9.8278e-11
1.2817e+03	8.1672e-11
1.2842e+03	9.2730e-11
1.2866e+03	1.0160e-10
1.2891e+03	1.2541e-10
1.2915e+03	1.1823e-10
1.2939e+03	1.0351e-10
1.2964e+03	1.0786e-10
1.2988e+03	1.1206e-10
1.3013e+03	9.4886e-11
1.3037e+03	1.1353e-10
1.3062e+03	1.3801e-10
1.3086e+03	1.2493e-10
1.3110e+03	1.0455e-10
1.3135e+03	9.7700e-11
1.3159e+03	1.0044e-10
1.3184e+03	1.0670e-10
1.3208e+03	8.8924e-11
1.3232e+03	1.0441e-10
1.3257e+03	9.2259e-11
1.3281e+03	9.0198e-11
1.3306e+03	1.1050e-10
1.3330e+03	9.1824e-11
1.3354e+03	7.6547e-11
1.3379e+03	6.9777e-11
1.3403e+03	7.4313e-11
1.3428e+03	1.1130e-10
1.3452e+03	1.0528e-10
1.3477e+03	9.5225e-11
1.3501e+03	1.0122e-10
1.3525e+03	8.9016e-11
1.3550e+03	1.1194e-10
1.3574e+03	9.6252e-11
1.3599e+03	8.9167e-11
1.3623e+03	1.1295e-10
1.3647e+03	1.1410e-10
1.3672e+03	1.0438e-10
1.3696e+03	1.1448e-10
1.3721e+03	1.0809e-10
1.3745e+03	9.0043e-11
1.3770e+03	9.9572e-11
1.3794e+03	8.4717e-11
1.3818e+03	8.4238e-11
1.3843e+03	8.2688e-11
1.3867e+03	1.0158e-10
1.3892e+03	9.5383e-11
1.3916e+03	9.4992e-11
1.3940e+03	1.0400e-10
1.3965e+03	9.9319e-11
1.3989e+03	9.1909e-11
1.4014e+03	8.4634e-11
1.4038e+03	1.0247e-10
1.4062e+03	1.0492e-10
1.4087e+03	9.0670e-11
1.4111e+03	9.4781e-11
1.4136e+03	1.0061e-10
1.4160e+03	8.2305e-11
1.4185e+03	9.3412e-11
1.4209e+03	1.1846e-10
1.4233e+03	8.5180e-11
1.4258e+03	8.2779e-11
1.4282e+03	9.0837e-11
1.4307e+03	9.6926e-11
1.4331e+03	9.9729e-11
1.4355e+03	1.1339e-10
1.4380e+03	1.0649e-10
1.4404e+03	1.2043e-10
1.4429e+03	9.6670e-11
1.4453e+03	8.1546e-11
1.4478e+03	9.2408e-11
1.4502e+03	1.1071e-10
1.4526e+03	1.0641e-10
1.4551e+03	9.9644e-11
1.4575e+03	1.0752e-10
1.4600e+03	7.3084e-11
1.4624e+03	8.6036e-11
1.4648e+03	1.0746e-10
1.4673e+03	7.9160e-11
1.4697e+03	9.3047e-11
1.4722e+03	8.6596e-11
1.4746e+03	6.2416e-11
1.4771e+03	7.7653e-11
1.4795e+03	7.8034e-11
1.4819e+03	9.1127e-11
1.4844e+03	1.1433e-10
1.4868e+03	1.1033e-10
1.4893e+03	9.2564e-11
1.4917e+03	1.0565e-10
1.4941e+03	9.7950e-11
1.4966e+03	1.0034e-10
1.4990e+03	8.5775e-11
1.5015e+03	9.4676e-11
1.5039e+03	1.0841e-10
1.5063e+03	9.5859e-11
1.5088e+03	8.6277e-11
1.5112e+03	8.4935e-11
1.5137e+03	9.5530e-11
1.5161e+03	8.3755e-11
1.5186e+03	8.2879e-11
1.5210e+03	1.0647e-10
1.5234e+03	1.0400e-10
1.5259e+03	1.1521e-10
1.5283e+03	1.2045e-10
1.5308e+03	9.3837e-11
1.5332e+03	1.2681e-10
1.5356e+03	1.3208e-10
1.5381e+03	9.8741e-11
1.5405e+03	1.1295e-10
1.5430e+03	1.1077e-10
1.5454e+03	9.1684e-11
1.5479e+03	8.1636e-11
1.5503e+03	9.0508e-11
1.5527e+03	1.1542e-10
1.5552e+03	1.0913e-10
1.5576e+03	1.0096e-10
1.5601e+03	1.1234e-10
1.5625e+03	8.6863e-11
1.5649e+03	9.3241e-11
1.5674e+03	1.1465e-10
1.5698e+03	1.0047e-10
1.5723e+03	1.1388e-10
1.5747e+03	9.8970e-11
1.5771e+03	9.4394e-11
1.5796e+03	1.2907e-10
1.5820e+03	1.2959e-10
1.5845e+03	9.3327e-11
1.5869e+03	8.5593e-11
1.5894e+03	8.1788e-11
1.5918e+03	9.8118e-11
1.5942e+03	9.2651e-11
1.5967e+03	8.1302e-11
1.5991e+03	9.9749e-11
1.6016e+03	1.1618e-10
1.6040e+03	8.0208e-11
1.6064e+03	7.3832e-11
1.6089e+03	7.9925e-11
1.6113e+03	1.0621e-10
1.6138e+03	9.7272e-11
1.6162e+03	9.8988e-11
1.6187e+03	1.1001e-10
1.6211e+03	1.0860e-10
1.6235e+03	1.1615e-10
1.6260e+03	7.2193e-11
1.6284e+03	6.6043e-11
1.6309e+03	9.1631e-11
1.6333e+03	1.1605e-10
1.6357e+03	7.0440e-11
1.6382e+03	6.4211e-11
1.6406e+03	7.5251e-11
1.6431e+03	1.0035e-10
1.6455e+03	1.1100e-10
1.6479e+03	9.6267e-11
1.6504e+03	9.1150e-11
1.6528e+03	7.0602e-11
1.6553e+03	8.4156e-11
1.6577e+03	1.0585e-10
1.6602e+03	9.4845e-11
1.6626e+03	1.0226e-10
1.6650e+03	1.0389e-10
1.6675e+03	1.2058e-10
1.6699e+03	1.2170e-10
1.6724e+03	1.2222e-10
1.6748e+03	8.9629e-11
1.6772e+03	9.3050e-11
1.6797e+03	1.1008e-10
1.6821e+03	9.6553e-11
1.6846e+03	1.0361e-10
1.6870e+03	9.0763e-11
1.6895e+03	1.0232e-10
1.6919e+03	9.7001e-11
1.6943e+03	8.1042e-11
1.6968e+03	9.4950e-11
1.6992e+03	9.8381e-11
1.7017e+03	8.2855e-11
1.7041e+03	7.3825e-11
1.7065e+03	8.8413e-11
1.7090e+03	1.0698e-10
1.7114e+03	9.0656e-11
1.7139e+03	7.9470e-11
1.7163e+03	9.7821e-11
1.7188e+03	1.0914e-10
1.7212e+03	1.2119e-10
1.7236e+03	9.5296e-11
1.7261e+03	8.6577e-11
1.7285e+03	8.2630e-11
1.7310e+03	8.0928e-11
1.7334e+03	1.0570e-10
1.7358e+03	8.0972e-11
1.7383e+03	8.3978e-11
1.7407e+03	9.8844e-11
1.7432e+03	8.9012e-11
1.7456e+03	9.9585e-11
1.7480e+03	9.9136e-11
1.7505e+03	9.1285e-11
1.7529e+03	1.1662e-10
1.7554e+03	1.1562e-10
1.7578e+03	1.0113e-10
1.7603e+03	8.3688e-11
1.7627e+03	7.7643e-11
1.7651e+03	7.7354e-11
1.7676e+03	8.1407e-11
1.7700e+03	8.0284e-11
1.7725e+03	8.0998e-11
1.7749e+03	9.7883e-11
1.7773e+03	1.0464e-10
1.7798e+03	1.2965e-10
1.7822e+03	1.0670e-10
1.7847e+03	7.3096e-11
1.7871e+03	6.6234e-11
1.7896e+03	8.0405e-11
1.7920e+03	9.2483e-11
1.7944e+03	8.9381e-11
1.7969e+03	9.6280e-11
1.7993e+03	1.0559e-10
1.8018e+03	1.0166e-10
1.8042e+03	1.0050e-10
1.8066e+03	1.1600e-10
1.8091e+03	1.1031e-10
1.8115e+03	1.1129e-10
1.8140e+03	1.2248e-10
1.8164e+03	1.1262e-10
1.8188e+03	9.2430e-11
1.8213e+03	8.5881e-11
1.8237e+03	9.1760e-11
1.8262e+03	1.0372e-10
1.8286e+03	1.0584e-10
1.8311e+03	9.6873e-11
1.8335e+03	1.0403e-10
1.8359e+03	1.2420e-10
1.8384e+03	1.0212e-10
1.8408e+03	8.3582e-11
1.8433e+03	1.0685e-10
1.8457e+03	1.0458e-10
1.8481e+03	8.8872e-11
1.8506e+03	9.3987e-11
1.8530e+03	1.1069e-10
1.8555e+03	9.7240e-11
1.8579e+03	9.6788e-11
1.8604e+03	1.0183e-10
1.8628e+03	9.9667e-11
1.8652e+03	1.0046e-10
1.8677e+03	8.6963e-11
1.8701e+03	9.4432e-11
1.8726e+03	1.3584e-10
1.8750e+03	9.7490e-11
1.8774e+03	8.8291e-11
1.8799e+03	1.0727e-10
1.8823e+03	1.0984e-10
1.8848e+03	9.7954e-11
1.8872e+03	8.7622e-11
1.8896e+03	9.7691e-11
1.8921e+03	1.1249e-10
1.8945e+03	1.1460e-10
1.8970e+03	8.9311e-11
1.8994e+03	1.0153e-10
1.9019e+03	1.1713e-10
1.9043e+03	1.2150e-10
1.9067e+03	1.2393e-10
1.9092e+03	1.1916e-10
1.9116e+03	1.2668e-10
1.9141e+03	9.9508e-11
1.9165e+03	1.0928e-10
1.9189e+03	9.5515e-11
1.9214e+03	1.0125e-10
1.9238e+03	1.1902e-10
1.9263e+03	8.6744e-11
1.9287e+03	8.1048e-11
1.9312e+03	1.0009e-10
1.9336e+03	1.0158e-10
1.9360e+03	1.0492e-10
1.9385e+03	1.0389e-10
1.9409e+03	1.0394e-10
1.9434e+03	9.3609e-11
1.9458e+03	7.9345e-11
1.9482e+03	9.6694e-11
1.9507e+03	1.0942e-10
1.9531e+03	1.0283e-10
1.9556e+03	8.3190e-11
1.9580e+03	9.7011e-11
1.9604e+03	1.0617e-10
1.9629e+03	9.1483e-11
1.9653e+03	8.5007e-11
1.9678e+03	1.0119e-10
1.9702e+03	9.3774e-11
1.9727e+03	6.5186e-11
1.9751e+03	7.6573e-11
1.9775e+03	9.3550e-11
1.9800e+03	1.0409e-10
1.9824e+03	9.7827e-11
1.9849e+03	9.7916e-11
1.9873e+03	1.0785e-10
1.9897e+03	9.8341e-11
1.9922e+03	9.0610e-11
1.9946e+03	9.0498e-11
1.9971e+03	1.0631e-10
1.9995e+03	1.2233e-10
2.0020e+03	1.0095e-10
2.0044e+03	7.9034e-11
2.0068e+03	7.8882e-11
2.0093e+03	7.8544e-11
2.0117e+03	7.8694e-11
2.0142e+03	7.7392e-11
2.0166e+03	8.0387e-11
2.0190e+03	9.0358e-11
2.0215e+03	1.0004e-10
2.0239e+03	1.0292e-10
2.0264e+03	1.1902e-10
2.0288e+03	1.1530e-10
2.0312e+03	9.5105e-11
2.0337e+03	1.1119e-10
2.0361e+03	1.1524e-10
2.0386e+03	1.0520e-10
2.0410e+03	1.1550e-10
2.0435e+03	1.1732e-10
2.0459e+03	1.3176e-10
2.0483e+03	9.9726e-11
2.0508e+03	1.0611e-10
2.0532e+03	1.0150e-10
2.0557e+03	7.2060e-11
2.0581e+03	9.3621e-11
2.0605e+03	1.0634e-10
2.0630e+03	1.1922e-10
2.0654e+03	1.0114e-10
2.0679e+03	9.5896e-11
2.0703e+03	1.0914e-10
2.0728e+03	9.2499e-11
2.0752e+03	9.8759e-11
2.0776e+03	1.2946e-10
2.0801e+03	1.1535e-10
2.0825e+03	9.5816e-11
2.0850e+03	9.3547e-11
2.0874e+03	1.1446e-10
2.0898e+03	1.0318e-10
2.0923e+03	1.1276e-10
2.0947e+03	1.2802e-10
2.0972e+03	1.0777e-10
2.0996e+03	1.0210e-10
2.1021e+03	1.2020e-10
2.1045e+03	1.3621e-10
2.1069e+03	1.1726e-10
2.1094e+03	8.9173e-11
2.1118e+03	1.1435e-10
2.1143e+03	1.2418e-10
2.1167e+03	8.1516e-11
2.1191e+03	9.9070e-11
2.1216e+03	9.6513e-11
2.1240e+03	9.4985e-11
2.1265e+03	9.9695e-11
2.1289e+03	1.0316e-10
2.1313e+03	1.0806e-10
2.1338e+03	9.4073e-11
2.1362e+03	8.3203e-11
2.1387e+03	9.2286e-11
2.1411e+03	9.0296e-11
2.1436e+03	1.1856e-10
2.1460e+03	1.2134e-10
2.1484e+03	1.1209e-10
2.1509e+03	1.1495e-10
2.1533e+03	1.0709e-10
2.1558e+03	9.5296e-11
2.1582e+03	6.6890e-11
2.1606e+03	7.8916e-11
2.1631e+03	9.1194e-11
2.1655e+03	1.0740e-10
2.1680e+03	9.2020e-11
2.1704e+03	7.8533e-11
2.1729e+03	8.0188e-11
2.1753e+03	7.3409e-11
2.1777e+03	9.0107e-11
2.1802e+03	9.7089e-11
2.1826e+03	7.9036e-11
2.1851e+03	8.7382e-11
2.1875e+03	9.4002e-11
2.1899e+03	1.0214e-10
2.1924e+03	1.1085e-10
2.1948e+03	1.0118e-10
2.1973e+03	7.4252e-11
2.1997e+03	7.5018e-11
2.2021e+03	8.9654e-11
2.2046e+03	8.2121e-11
2.2070e+03	1.0095e-10
2.2095e+03	8.1084e-11
2.2119e+03	9.2601e-11
2.2144e+03	9.1921e-11
2.2168e+03	1.1910e-10
2.2192e+03	1.0900e-10
2.2217e+03	8.6996e-11
2.2241e+03	8.5097e-11
2.2266e+03	9.1839e-11
2.2290e+03	1.0001e-10
2.2314e+03	9.7012e-11
2.2339e+03	8.0567e-11
2.2363e+03	7.4703e-11
2.2388e+03	8.2894e-11
2.2412e+03	9.7455e-11
2.2437e+03	8.8115e-11
2.2461e+03	1.1183e-10
2.2485e+03	1.1147e-10
2.2510e+03	7.3799e-11
2.2534e+03	9.1789e-11
2.2559e+03	1.0420e-10
2.2583e+03	9.8012e-11
2.2607e+03	9.9279e-11
2.2632e+03	1.1309e-10
2.2656e+03	1.0026e-10
2.2681e+03	9.3711e-11
2.2705e+03	7.7038e-11
2.2729e+03	8.3999e-11
2.2754e+03	8.9598e-11
2.2778e+03	7.5924e-11
2.2803e+03	8.5220e-11
2.2827e+03	8.7384e-11
2.2852e+03	8.6732e-11
2.2876e+03	9.5850e-11
2.2900e+03	1.0825e-10
2.2925e+03	8.4930e-11
2.2949e+03	7.3243e-11
2.2974e+03	7.9423e-11
2.2998e+03	1.2408e-10
2.3022e+03	9.7008e-11
2.3047e+03	9.1851e-11
2.3071e+03	1.0222e-10
2.3096e+03	8.9550e-11
2.3120e+03	1.0312e-10
2.3145e+03	1.1029e-10
2.3169e+03	1.1358e-10
2.3193e+03	9.9917e-11
2.3218e+03	6.7289e-11
2.3242e+03	8.4342e-11
2.3267e+03	8.8793e-11
2.3291e+03	9.9264e-11
2.3315e+03	9.3325e-11
2.3340e+03	9.8498e-11
2.3364e+03	1.2251e-10
2.3389e+03	9.4063e-11
2.3413e+03	9.1426e-11
2.3438e+03	1.2661e-10
2.3462e+03	1.2293e-10
2.3486e+03	1.2206e-10
2.3511e+03	1.1242e-10
2.3535e+03	9.4558e-11
2.3560e+03	7.4023e-11
2.3584e+03	8.0555e-11
2.3608e+03	9.4451e-11
2.3633e+03	9.4485e-11
2.3657e+03	7.3399e-11
2.3682e+03	7.5687e-11
2.3706e+03	8.3342e-11
2.3730e+03	7.9607e-11
2.3755e+03	1.0452e-10
2.3779e+03	1.2193e-10
2.3804e+03	9.5341e-11
2.3828e+03	1.1727e-10
2.3853e+03	9.4626e-11
2.3877e+03	8.5772e-11
2.3901e+03	9.5574e-11
2.3926e+03	8.8220e-11
2.3950e+03	1.0169e-10
2.3975e+03	8.2884e-11
2.3999e+03	7.7818e-11
2.4023e+03	9.0471e-11
2.4048e+03	1.0909e-10
2.4072e+03	9.8252e-11
2.4097e+03	9.2692e-11
2.4121e+03	8.3061e-11
2.4146e+03	8.1798e-11
2.4170e+03	8.3379e-11
2.4194e+03	1.0371e-10
2.4219e+03	1.0769e-10
2.4243e+03	1.1343e-10
2.4268e+03	1.1050e-10
2.4292e+03	9.2528e-11
2.4316e+03	9.0062e-11
2.4341e+03	1.1234e-10
2.4365e+03	1.1352e-10
2.4390e+03	9.1987e-11
2.4414e+03	8.4025e-11
2.4438e+03	8.9742e-11
2.4463e+03	9.7639e-11
2.4487e+03	9.1971e-11
2.4512e+03	9.8778e-11
2.4536e+03	1.1122e-10
2.4561e+03	9.2405e-11
2.4585e+03	1.0002e-10
2.4609e+03	8.5784e-11
2.4634e+03	9.8053e-11
2.4658e+03	1.1974e-10
2.4683e+03	1.0842e-10
2.4707e+03	1.2713e-10
2.4731e+03	1.1229e-10
2.4756e+03	9.5436e-11
2.4780e+03	7.7713e-11
2.4805e+03	7.3234e-11
2.4829e+03	8.4250e-11
2.4854e+03	7.1981e-11
2.4878e+03	9.8959e-11
2.4902e+03	1.0709e-10
2.4927e+03	9.1930e-11
2.4951e+03	8.7958e-11
2.4976e+03	1.0808e-10
2.5000e+03	9.2045e-11
2.5024e+03	8.5322e-11
2.5049e+03	9.0631e-11
2.5073e+03	8.4714e-11
2.5098e+03	1.0364e-10
2.5122e+03	9.6621e-11
2.5146e+03	1.1729e-10
2.5171e+03	1.1294e-10
2.5195e+03	7.5945e-11
2.5220e+03	9.5967e-11
2.5244e+03	1.0888e-10
2.5269e+03	8.6702e-11
2.5293e+03	8.9480e-11
2.5317e+03	8.0870e-11
2.5342e+03	8.9726e-11
2.5366e+03	1.0107e-10
2.5391e+03	1.0238e-10
2.5415e+03	7.8339e-11
2.5439e+03	7.6189e-11
2.5464e+03	1.0457e-10
2.5488e+03	9.8573e-11
2.5513e+03	7.9787e-11
2.5537e+03	8.5082e-11
2.5562e+03	9.9285e-11
2.5586e+03	1.1672e-10
2.5610e+03	1.1005e-10
2.5635e+03	1.0622e-10
2.5659e+03	7.8675e-11
2.5684e+03	1.0487e-10
2.5708e+03	1.3123e-10
2.5732e+03	1.2335e-10
2.5757e+03	9.3006e-11
2.5781e+03	8.9079e-11
2.5806e+03	1.0402e-10
2.5830e+03	1.0553e-10
2.5854e+03	1.0674e-10
2.5879e+03	9.9767e-11
2.5903e+03	9.4003e-11
2.5928e+03	7.6616e-11
2.5952e+03	8.6175e-11
2.5977e+03	1.0744e-10
2.6001e+03	1.0612e-10
2.6025e+03	9.1953e-11
2.6050e+03	7.2769e-11
2.6074e+03	8.6844e-11
2.6099e+03	8.6429e-11
2.6123e+03	7.7095e-11
2.6147e+03	1.2126e-10
2.6172e+03	1.3074e-10
2.6196e+03	1.1016e-10
2.6221e+03	1.0108e-10
2.6245e+03	8.4078e-11
2.6270e+03	7.9909e-11
2.6294e+03	9.1540e-11
2.6318e+03	1.2580e-10
2.6343e+03	1.2015e-10
2.6367e+03	9.8119e-11
2.6392e+03	9.8852e-11
2.6416e+03	1.0020e-10
2.6440e+03	1.1318e-10
2.6465e+03	1.1104e-10
2.6489e+03	1.0810e-10
2.6514e+03	1.0342e-10
2.6538e+03	1.1029e-10
2.6562e+03	1.1876e-10
2.6587e+03	1.1479e-10
2.6611e+03	8.2334e-11
2.6636e+03	9.4201e-11
2.6660e+03	9.8699e-11
2.6685e+03	9.2955e-11
2.6709e+03	1.1183e-10
2.6733e+03	1.4224e-10
2.6758e+03	1.3306e-10
2.6782e+03	1.1466e-10
2.6807e+03	9.8460e-11
2.6831e+03	8.7725e-11
2.6855e+03	7.8817e-11
2.6880e+03	7.9810e-11
2.6904e+03	7.9552e-11
2.6929e+03	9.7115e-11
2.6953e+03	6.8441e-11
2.6978e+03	1.0306e-10
2.7002e+03	1.1030e-10
2.7026e+03	8.2201e-11
2.7051e+03	7.9202e-11
2.7075e+03	6.2815e-11
2.7100e+03	7.2890e-11
2.7124e+03	9.3728e-11
2.7148e+03	1.0229e-10
2.7173e+03	1.0688e-10
2.7197e+03	8.6941e-11
2.7222e+03	1.1446e-10
2.7246e+03	1.0380e-10
2.7271e+03	1.0757e-10
2.7295e+03	1.0883e-10
2.7319e+03	9.5693e-11
2.7344e+03	1.0301e-10
2.7368e+03	1.1619e-10
2.7393e+03	9.8174e-11
2.7417e+03	1.0527e-10
2.7441e+03	1.1856e-10
2.7466e+03	1.1459e-10
2.7490e+03	1.0394e-10
2.7515e+03	1.1653e-10
2.7539e+03	1.1015e-10
2.7563e+03	8.5810e-11
2.7588e+03	8.4711e-11
2.7612e+03	9.9568e-11
2.7637e+03	1.0037e-10
2.7661e+03	1.0769e-10
2.7686e+03	7.6490e-11
2.7710e+03	7.5826e-11
2.7734e+03	1.0113e-10
2.7759e+03	9.9760e-11
2.7783e+03	1.2683e-10
2.7808e+03	1.1261e-10
2.7832e+03	9.2655e-11
2.7856e+03	7.3275e-11
2.7881e+03	8.7723e-11
2.7905e+03	1.2326e-10
2.7930e+03	1.2271e-10
2.7954e+03	1.1176e-10
2.7979e+03	9.3062e-11
2.8003e+03	7.1463e-11
2.8027e+03	8.6155e-11
2.8052e+03	1.0400e-10
2.8076e+03	1.1191e-10
2.8101e+03	9.7855e-11
2.8125e+03	1.0286e-10
2.8149e+03	8.7928e-11
2.8174e+03	6.9249e-11
2.8198e+03	8.3746e-11
2.8223e+03	9.2141e-11
2.8247e+03	1.0119e-10
2.8271e+03	1.0995e-10
2.8296e+03	1.0160e-10
2.8320e+03	1.1206e-10
2.8345e+03	9.6798e-11
2.8369e+03	1.0151e-10
2.8394e+03	9.9019e-11
2.8418e+03	1.1460e-10
2.8442e+03	9.9143e-11
2.8467e+03	8.9952e-11
2.8491e+03	8.2675e-11
2.8516e+03	8.4473e-11
2.8540e+03	1.2454e-10
2.8564e+03	1.1491e-10
2.8589e+03	9.7740e-11
2.8613e+03	9.3447e-11
2.8638e+03	9.8958e-11
2.8662e+03	8.6638e-11
2.8687e+03	9.1379e-11
2.8711e+03	9.5871e-11
2.8735e+03	8.6391e-11
2.8760e+03	7.8768e-11
2.8784e+03	8.0916e-11
2.8809e+03	9.3281e-11
2.8833e+03	9.9323e-11
2.8857e+03	9.9661e-11
2.8882e+03	9.9742e-11
2.8906e+03	1.0124e-10
2.8931e+03	1.0579e-10
2.8955e+03	1.0848e-10
2.8979e+03	1.0135e-10
2.9004e+03	1.0607e-10
2.9028e+03	9.8343e-11
2.9053e+03	9.3150e-11
2.9077e+03	9.2529e-11
2.9102e+03	9.6880e-11
2.9126e+03	8.9385e-11
2.9150e+03	8.3530e-11
2.9175e+03	8.1860e-11
2.9199e+03	8.8887e-11
2.9224e+03	9.5093e-11
2.9248e+03	1.1136e-10
2.9272e+03	9.3804e-11
2.9297e+03	8.2954e-11
2.9321e+03	7.8369e-11
2.9346e+03	1.0714e-10
2.9370e+03	9.0440e-11
2.9395e+03	8.7253e-11
2.9419e+03	1.2645e-10
2.9443e+03	9.6549e-11
2.9468e+03	7.8802e-11
2.9492e+03	9.5022e-11
2.9517e+03	9.6438e-11
2.9541e+03	1.0750e-10
2.9565e+03	9.8390e-11
2.9590e+03	9.2620e-11
2.9614e+03	8.6856e-11
2.9639e+03	9.9064e-11
2.9663e+03	1.1790e-10
2.9688e+03	8.8861e-11
2.9712e+03	9.2027e-11
2.9736e+03	9.1303e-11
2.9761e+03	1.2149e-10
2.9785e+03	1.2330e-10
2.9810e+03	1.0922e-10
2.9834e+03	1.0207e-10
2.9858e+03	1.0211e-10
2.9883e+03	9.9640e-11
2.9907e+03	1.2790e-10
2.9932e+03	1.3225e-10
2.9956e+03	9.0702e-11
2.9980e+03	8.8034e-11
3.0005e+03	9.1046e-11
3.0029e+03	1.0312e-10
3.0054e+03	1.0968e-10
3.0078e+03	9.6301e-11
3.0103e+03	8.7223e-11
3.0127e+03	1.1582e-10
3.0151e+03	1.2675e-10
3.0176e+03	1.2861e-10
3.0200e+03	1.0785e-10
3.0225e+03	8.1848e-11
3.0249e+03	7.8922e-11
3.0273e+03	8.5519e-11
3.0298e+03	9.7268e-11
3.0322e+03	1.0142e-10
3.0347e+03	6.9996e-11
3.0371e+03	9.3054e-11
3.0396e+03	1.1099e-10
3.0420e+03	1.0390e-10
3.0444e+03	8.5658e-11
3.0469e+03	9.7999e-11
3.0493e+03	9.7748e-11
3.0518e+03	1.0522e-10
3.0542e+03	8.3881e-11
3.0566e+03	8.2614e-11
3.0591e+03	1.1348e-10
3.0615e+03	1.2131e-10
3.0640e+03	1.2189e-10
3.0664e+03	1.2333e-10
3.0688e+03	9.3305e-11
3.0713e+03	1.0484e-10
3.0737e+03	1.1066e-10
3.0762e+03	7.8129e-11
3.0786e+03	7.1789e-11
3.0811e+03	9.7699e-11
3.0835e+03	1.1253e-10
3.0859e+03	1.1841e-10
3.0884e+03	9.3607e-11
3.0908e+03	8.2118e-11
3.0933e+03	9.4123e-11
3.0957e+03	8.8401e-11
3.0981e+03	1.0406e-10
3.1006e+03	9.9655e-11
3.1030e+03	8.9959e-11
3.1055e+03	9.6917e-11
3.1079e+03	8.4680e-11
3.1104e+03	8.2786e-11
3.1128e+03	8.0919e-11
3.1152e+03	8.2085e-11
3.1177e+03	9.5780e-11
3.1201e+03	1.0832e-10
3.1226e+03	1.0460e-10
3.1250e+03	1.1255e-10
3.1274e+03	1.3210e-10
3.1299e+03	1.1449e-10
3.1323e+03	8.7153e-11
3.1348e+03	9.5339e-11
3.1372e+03	9.2902e-11
3.1396e+03	1.0484e-10
3.1421e+03	9.9396e-11
3.1445e+03	8.6658e-11
3.1470e+03	8.9797e-11
3.1494e+03	1.0545e-10
3.1519e+03	1.0961e-10
3.1543e+03	1.0266e-10
3.1567e+03	8.4485e-11
3.1592e+03	9.0486e-11
3.1616e+03	9.9634e-11
3.1641e+03	1.0174e-10
3.1665e+03	1.0598e-10
3.1689e+03	8.0352e-11
3.1714e+03	1.0548e-10
3.1738e+03	9.7863e-11
3.1763e+03	8.4171e-11
3.1787e+03	8.3411e-11
3.1812e+03	9.7737e-11
3.1836e+03	9.4729e-11
3.1860e+03	1.2919e-10
3.1885e+03	1.4550e-10
3.1909e+03	1.0143e-10
3.1934e+03	9.1869e-11
3.1958e+03	1.3029e-10
3.1982e+03	1.3484e-10
3.2007e+03	1.1238e-10
3.2031e+03	8.4888e-11
3.2056e+03	8.7744e-11
3.2080e+03	1.0331e-10
3.2104e+03	9.6633e-11
3.2129e+03	7.3192e-11
3.2153e+03	7.2435e-11
3.2178e+03	8.1863e-11
3.2202e+03	8.7880e-11
3.2227e+03	9.3989e-11
3.2251e+03	8.9053e-11
3.2275e+03	9.7249e-11
3.2300e+03	8.7148e-11
3.2324e+03	9.7761e-11
3.2349e+03	8.7004e-11
3.2373e+03	9.7784e-11
3.2397e+03	1.0373e-10
3.2422e+03	9.3273e-11
3.2446e+03	9.3525e-11
3.2471e+03	1.0016e-10
3.2495e+03	1.0867e-10
3.2520e+03	7.9198e-11
3.2544e+03	7.3441e-11
3.2568e+03	8.8576e-11
3.2593e+03	8.4295e-11
3.2617e+03	7.7524e-11
3.2642e+03	1.0817e-10
3.2666e+03	1.1952e-10
3.2690e+03	9.2855e-11
3.2715e+03	6.9064e-11
3.2739e+03	7.3817e-11
3.2764e+03	1.0404e-10
3.2788e+03	1.1603e-10
3.2812e+03	9.7209e-11
3.2837e+03	7.6091e-11
3.2861e+03	8.9800e-11
3.2886e+03	8.5455e-11
3.2910e+03	8.4783e-11
3.2935e+03	7.9998e-11
3.2959e+03	6.9828e-11
3.2983e+03	9.6637e-11
3.3008e+03	9.6450e-11
3.3032e+03	9.3144e-11
3.3057e+03	9.1283e-11
3.3081e+03	1.0837e-10
3.3105e+03	1.0356e-10
3.3130e+03	1.0966e-10
3.3154e+03	1.1562e-10
3.3179e+03	1.0574e-10
3.3203e+03	9.1169e-11
3.3228e+03	8.5627e-11
3.3252e+03	7.5813e-11
3.3276e+03	9.1462e-11
3.3301e+03	9.1107e-11
3.3325e+03	9.4970e-11
3.3350e+03	9.2704e-11
3.3374e+03	8.2920e-11
3.3398e+03	7.9559e-11
3.3423e+03	7.3819e-11
3.3447e+03	8.5749e-11
3.3472e+03	8.0573e-11
3.3496e+03	1.1657e-10
3.3521e+03	1.1714e-10
3.3545e+03	1.1537e-10
3.3569e+03	1.0931e-10
3.3594e+03	1.2199e-10
3.3618e+03	8.8187e-11
3.3643e+03	7.7462e-11
3.3667e+03	9.0680e-11
3.3691e+03	8.1294e-11
3.3716e+03	7.6264e-11
3.3740e+03	1.0918e-10
3.3765e+03	1.1534e-10
3.3789e+03	1.0191e-10
3.3813e+03	1.1726e-10
3.3838e+03	1.1779e-10
3.3862e+03	9.4648e-11
3.3887e+03	9.2266e-11
3.3911e+03	1.0064e-10
3.3936e+03	1.0393e-10
3.3960e+03	8.4588e-11
3.3984e+03	1.0983e-10
3.4009e+03	1.0548e-10
3.4033e+03	1.1193e-10
3.4058e+03	1.0942e-10
3.4082e+03	9.2349e-11
3.4106e+03	8.5988e-11
3.4131e+03	7.2948e-11
3.4155e+03	7.4677e-11
3.4180e+03	1.0103e-10
3.4204e+03	1.0230e-10
3.4229e+03	8.7444e-11
3.4253e+03	9.4760e-11
3.4277e+03	1.1263e-10
3.4302e+03	8.7837e-11
3.4326e+03	1.1160e-10
3.4351e+03	1.0718e-10
3.4375e+03	1.0805e-10
3.4399e+03	9.4394e-11
3.4424e+03	9.0994e-11
3.4448e+03	8.5916e-11
3.4473e+03	8.1883e-11
3.4497e+03	1.0368e-10
3.4521e+03	9.5792e-11
3.4546e+03	7.7480e-11
3.4570e+03	1.0698e-10
3.4595e+03	9.4296e-11
3.4619e+03	8.5132e-11
3.4644e+03	8.8694e-11
3.4668e+03	9.0477e-11
3.4692e+03	8.3195e-11
3.4717e+03	7.0840e-11
3.4741e+03	8.7693e-11
3.4766e+03	9.2189e-11
3.4790e+03	1.1717e-10
3.4814e+03	1.3701e-10
3.4839e+03	9.9319e-11
3.4863e+03	9.0691e-11
3.4888e+03	8.3853e-11
3.4912e+03	8.4814e-11
3.4937e+03	9.2116e-11
3.4961e+03	8.6831e-11
3.4985e+03	1.0445e-10
3.5010e+03	1.0508e-10
3.5034e+03	1.0642e-10
3.5059e+03	1.0147e-10
3.5083e+03	9.6434e-11
3.5107e+03	9.7406e-11
3.5132e+03	9.1889e-11
3.5156e+03	8.8552e-11
3.5181e+03	9.4288e-11
3.5205e+03	1.2722e-10
3.5229e+03	1.2321e-10
3.5254e+03	1.1704e-10
3.5278e+03	1.1269e-10
3.5303e+03	1.0425e-10
3.5327e+03	1.0909e-10
3.5352e+03	1.0947e-10
3.5376e+03	9.4578e-11
3.5400e+03	1.0977e-10
3.5425e+03	1.1056e-10
3.5449e+03	1.0897e-10
3.5474e+03	1.2707e-10
3.5498e+03	1.0984e-10
3.5522e+03	9.7965e-11
3.5547e+03	1.0365e-10
3.5571e+03	9.4479e-11
3.5596e+03	1.0810e-10
3.5620e+03	9.7264e-11
3.5645e+03	9.9618e-11
3.5669e+03	9.7823e-11
3.5693e+03	8.7694e-11
3.5718e+03	1.0386e-10
3.5742e+03	1.1107e-10
3.5767e+03	8.6528e-11
3.5791e+03	8.0223e-11
3.5815e+03	1.0131e-10
3.5840e+03	1.2259e-10
3.5864e+03	1.3371e-10
3.5889e+03	1.0917e-10
3.5913e+03	1.0556e-10
3.5938e+03	9.3508e-11
3.5962e+03	8.9825e-11
3.5986e+03	6.9047e-11
3.6011e+03	9.1512e-11
3.6035e+03	9.6816e-11
3.6060e+03	1.0403e-10
3.6084e+03	1.1162e-10
3.6108e+03	1.1546e-10
3.6133e+03	1.1200e-10
3.6157e+03	1.0815e-10
3.6182e+03	1.1783e-10
3.6206e+03	1.2049e-10
3.6230e+03	9.8411e-11
3.6255e+03	1.0735e-10
3.6279e+03	9.9581e-11
3.6304e+03	1.0163e-10
3.6328e+03	9.7227e-11
3.6353e+03	9.7616e-11
3.6377e+03	1.1784e-10
3.6401e+03	1.2186e-10
3.6426e+03	1.2219e-10
3.6450e+03	9.2220e-11
3.6475e+03	1.2689e-10
3.6499e+03	1.1567e-10
3.6523e+03	7.6345e-11
3.6548e+03	9.8618e-11
3.6572e+03	1.0002e-10
3.6597e+03	7.6044e-11
3.6621e+03	9.0003e-11
3.6646e+03	1.2600e-10
3.6670e+03	1.1827e-10
3.6694e+03	8.9465e-11
3.6719e+03	1.1132e-10
3.6743e+03	8.2368e-11
3.6768e+03	8.8217e-11
3.6792e+03	9.6393e-11
3.6816e+03	1.1860e-10
3.6841e+03	1.0509e-10
3.6865e+03	9.4371e-11
3.6890e+03	1.1064e-10
3.6914e+03	1.0872e-10
3.6938e+03	1.0616e-10
3.6963e+03	1.0325e-10
3.6987e+03	1.0806e-10
3.7012e+03	9.7880e-11
3.7036e+03	7.4737e-11
3.7061e+03	7.1518e-11
3.7085e+03	7.9050e-11
3.7109e+03	8.2429e-11
3.7134e+03	9.8420e-11
3.7158e+03	1.0337e-10
3.7183e+03	1.1622e-10
3.7207e+03	1.2464e-10
3.7231e+03	1.3859e-10
3.7256e+03	1.2562e-10
3.7280e+03	1.2376e-10
3.7305e+03	1.5173e-10
3.7329e+03	1.3187e-10
3.7354e+03	1.2640e-10
3.7378e+03	1.0219e-10
3.7402e+03	1.1887e-10
3.7427e+03	1.1058e-10
3.7451e+03	9.7175e-11
3.7476e+03	9.3944e-11
3.7500e+03	1.0515e-10
3.7524e+03	1.0352e-10
3.7549e+03	1.1550e-10
3.7573e+03	1.2966e-10
3.7598e+03	1.2410e-10
3.7622e+03	9.7280e-11
3.7646e+03	9.7498e-11
3.7671e+03	9.3916e-11
3.7695e+03	9.8081e-11
3.7720e+03	8.7594e-11
3.7744e+03	1.1430e-10
3.7769e+03	1.0828e-10
3.7793e+03	9.7450e-11
3.7817e+03	1.0663e-10
3.7842e+03	1.4785e-10
3.7866e+03	1.1365e-10
3.7891e+03	1.2207e-10
3.7915e+03	9.3829e-11
3.7939e+03	9.7649e-11
3.7964e+03	9.8306e-11
3.7988e+03	9.4800e-11
3.8013e+03	9.0475e-11
3.8037e+03	9.9018e-11
3.8062e+03	1.0415e-10
3.8086e+03	1.1381e-10
3.8110e+03	1.0100e-10
3.8135e+03	1.1975e-10
3.8159e+03	1.2803e-10
3.8184e+03	1.2431e-10
3.8208e+03	1.1438e-10
3.8232e+03	8.7748e-11
3.8257e+03	9.6322e-11
3.8281e+03	1.1550e-10
3.8306e+03	9.7770e-11
3.8330e+03	1.0242e-10
3.8354e+03	9.9513e-11
3.8379e+03	1.1862e-10
3.8403e+03	1.1388e-10
3.8428e+03	7.8085e-11
3.8452e+03	6.4407e-11
3.8477e+03	7.4395e-11
3.8501e+03	7.6063e-11
3.8525e+03	8.6996e-11
3.8550e+03	8.6203e-11
3.8574e+03	1.0489e-10
3.8599e+03	1.0071e-10
3.8623e+03	8.7012e-11
3.8647e+03	7.7548e-11
3.8672e+03	1.1119e-10
3.8696e+03	9.1025e-11
3.8721e+03	9.9055e-11
3.8745e+03	1.1290e-10
3.8770e+03	9.6323e-11
3.8794e+03	1.0196e-10
3.8818e+03	8.9035e-11
3.8843e+03	8.4501e-11
3.8867e+03	8.4063e-11
3.8892e+03	9.1053e-11
3.8916e+03	9.1868e-11
3.8940e+03	8.9254e-11
3.8965e+03	7.5731e-11
3.8989e+03	6.8667e-11
3.9014e+03	8.5462e-11
3.9038e+03	9.1511e-11
3.9062e+03	1.3862e-10
3.9087e+03	1.0893e-10
3.9111e+03	8.2260e-11
3.9136e+03	1.2465e-10
3.9160e+03	1.2089e-10
3.9185e+03	1.0476e-10
3.9209e+03	1.0031e-10
3.9233e+03	7.0728e-11
3.9258e+03	9.0776e-11
3.9282e+03	9.1362e-11
3.9307e+03	8.4783e-11
3.9331e+03	7.2401e-11
3.9355e+03	7.6982e-11
3.9380e+03	1.0137e-10
3.9404e+03	1.2626e-10
3.9429e+03	1.1873e-10
3.9453e+03	1.0125e-10
3.9478e+03	1.1390e-10
3.9502e+03	1.1952e-10
3.9526e+03	1.3270e-10
3.9551e+03	1.2420e-10
3.9575e+03	9.7174e-11
3.9600e+03	8.6644e-11
3.9624e+03	8.8454e-11
3.9648e+03	1.0649e-10
3.9673e+03	1.1701e-10
3.9697e+03	9.6069e-11
3.9722e+03	9.2292e-11
3.9746e+03	1.0023e-10
3.9771e+03	1.0544e-10
3.9795e+03	9.6089e-11
3.9819e+03	1.0183e-10
3.9844e+03	9.3489e-11
3.9868e+03	8.7971e-11
3.9893e+03	9.8097e-11
3.9917e+03	8.7678e-11
3.9941e+03	7.8121e-11
3.9966e+03	8.5290e-11
3.9990e+03	1.0085e-10
4.0015e+03	1.0597e-10
4.0039e+03	1.1783e-10
4.0063e+03	1.1316e-10
4.0088e+03	9.4043e-11
4.0112e+03	8.6582e-11
4.0137e+03	1.0052e-10
4.0161e+03	9.0309e-11
4.0186e+03	1.0096e-10
4.0210e+03	9.0309e-11
4.0234e+03	9.5915e-11
4.0259e+03	9.6815e-11
4.0283e+03	9.5046e-11
4.0308e+03	9.6003e-11
4.0332e+03	9.0763e-11
4.0356e+03	9.1310e-11
4.0381e+03	1.1297e-10
4.0405e+03	1.1017e-10
4.0430e+03	9.9705e-11
4.0454e+03	1.0969e-10
4.0479e+03	1.0243e-10
4.0503e+03	9.5396e-11
4.0527e+03	9.6632e-11
4.0552e+03	9.1580e-11
4.0576e+03	7.2909e-11
4.0601e+03	6.1458e-11
4.0625e+03	8.7275e-11
4.0649e+03	6.9498e-11
4.0674e+03	8.5936e-11
4.0698e+03	8.6675e-11
4.0723e+03	6.2737e-11
4.0747e+03	6.1958e-11
4.0771e+03	6.7756e-11
4.0796e+03	7.6288e-11
4.0820e+03	8.3574e-11
4.0845e+03	1.0389e-10
4.0869e+03	1.1115e-10
4.0894e+03	1.1603e-10
4.0918e+03	9.7253e-11
4.0942e+03	9.3500e-11
4.0967e+03	1.0576e-10
4.0991e+03	1.0182e-10
4.1016e+03	9.1955e-11
4.1040e+03	9.2253e-11
4.1064e+03	1.0798e-10
4.1089e+03	1.0347e-10
4.1113e+03	1.0007e-10
4.1138e+03	1.0073e-10
4.1162e+03	1.0720e-10
4.1187e+03	1.0793e-10
4.1211e+03	8.9075e-11
4.1235e+03	9.8283e-11
4.1260e+03	1.0898e-10
4.1284e+03	1.0035e-10
4.1309e+03	1.0679e-10
4.1333e+03	1.0470e-10
4.1357e+03	7.3142e-11
4.1382e+03	7.9742e-11
4.1406e+03	9.5047e-11
4.1431e+03	9.7815e-11
4.1455e+03	9.9651e-11
4.1479e+03	8.3385e-11
4.1504e+03	8.7285e-11
4.1528e+03	1.1712e-10
4.1553e+03	9.4576e-11
4.1577e+03	9.4832e-11
4.1602e+03	8.2949e-11
4.1626e+03	7.8459e-11
4.1650e+03	8.9124e-11
4.1675e+03	1.1358e-10
4.1699e+03	9.8067e-11
4.1724e+03	9.8684e-11
4.1748e+03	9.7847e-11
4.1772e+03	9.1865e-11
4.1797e+03	1.0189e-10
4.1821e+03	9.2047e-11
4.1846e+03	9.5523e-11
4.1870e+03	9.2981e-11
4.1895e+03	9.1019e-11
4.1919e+03	1.0145e-10
4.1943e+03	1.1775e-10
4.1968e+03	9.1960e-11
4.1992e+03	9.8234e-11
4.2017e+03	1.0855e-10
4.2041e+03	9.2925e-11
4.2065e+03	1.0037e-10
4.2090e+03	9.4755e-11
4.2114e+03	7.6349e-11
4.2139e+03	7.1538e-11
4.2163e+03	8.3406e-11
4.2188e+03	1.1397e-10
4.2212e+03	1.2004e-10
4.2236e+03	1.0712e-10
4.2261e+03	8.7684e-11
4.2285e+03	9.2239e-11
4.2310e+03	9.3346e-11
4.2334e+03	8.8450e-11
4.2358e+03	8.3841e-11
4.2383e+03	9.1939e-11
4.2407e+03	8.1451e-11
4.2432e+03	6.5026e-11
4.2456e+03	7.6604e-11
4.2480e+03	7.8914e-11
4.2505e+03	9.2709e-11
4.2529e+03	8.4512e-11
4.2554e+03	8.2159e-11
4.2578e+03	1.0361e-10
4.2603e+03	1.1707e-10
4.2627e+03	1.1635e-10
4.2651e+03	1.0696e-10
4.2676e+03	1.1426e-10
4.2700e+03	1.2446e-10
4.2725e+03	1.2392e-10
4.2749e+03	9.9463e-11
4.2773e+03	8.2633e-11
4.2798e+03	9.3441e-11
4.2822e+03	9.3109e-11
4.2847e+03	9.6425e-11
4.2871e+03	9.3393e-11
4.2896e+03	1.0773e-10
4.2920e+03	1.1261e-10
4.2944e+03	1.1536e-10
4.2969e+03	9.3756e-11
4.2993e+03	6.4482e-11
4.3018e+03	7.7121e-11
4.3042e+03	8.7518e-11
4.3066e+03	8.2377e-11
4.3091e+03	8.1813e-11
4.3115e+03	9.8466e-11
4.3140e+03	9.3723e-11
4.3164e+03	1.1695e-10
4.3188e+03	1.1322e-10
4.3213e+03	9.0447e-11
4.3237e+03	8.7624e-11
4.3262e+03	8.4109e-11
4.3286e+03	1.1639e-10
4.3311e+03	9.1433e-11
4.3335e+03	9.1373e-11
4.3359e+03	1.3273e-10
4.3384e+03	1.3297e-10
4.3408e+03	1.0096e-10
4.3433e+03	9.3342e-11
4.3457e+03	1.0866e-10
4.3481e+03	1.1174e-10
4.3506e+03	1.1100e-10
4.3530e+03	9.1363e-11
4.3555e+03	8.7818e-11
4.3579e+03	9.8149e-11
4.3604e+03	9.1682e-11
4.3628e+03	9.4010e-11
4.3652e+03	9.1159e-11
4.3677e+03	8.2346e-11
4.3701e+03	8.5308e-11
4.3726e+03	9.9784e-11
4.3750e+03	9.7909e-11
4.3774e+03	8.2012e-11
4.3799e+03	7.2161e-11
4.3823e+03	7.4895e-11
4.3848e+03	8.9062e-11
4.3872e+03	1.1274e-10
4.3896e+03	1.2038e-10
4.3921e+03	8.4082e-11
4.3945e+03	8.9738e-11
4.3970e+03	7.6092e-11
4.3994e+03	6.9626e-11
4.4019e+03	6.8460e-11
4.4043e+03	8.5978e-11
4.4067e+03	9.6766e-11
4.4092e+03	1.1518e-10
4.4116e+03	9.6527e-11
4.4141e+03	7.9531e-11
4.4165e+03	7.3974e-11
4.4189e+03	9.4621e-11
4.4214e+03	9.5174e-11
4.4238e+03	1.0021e-10
4.4263e+03	8.9951e-11
4.4287e+03	9.6395e-11
4.4312e+03	8.0683e-11
4.4336e+03	9.5911e-11
4.4360e+03	1.0091e-10
4.4385e+03	1.0023e-10
4.4409e+03	9.8036e-11
4.4434e+03	8.0021e-11
4.4458e+03	7.8891e-11
4.4482e+03	8.7192e-11
4.4507e+03	1.0386e-10
4.4531e+03	1.0758e-10
4.4556e+03	1.0463e-10
4.4580e+03	9.2468e-11
4.4604e+03	8.6997e-11
4.4629e+03	9.6967e-11
4.4653e+03	7.2459e-11
4.4678e+03	9.1845e-11
4.4702e+03	8.8494e-11
4.4727e+03	1.1172e-10
4.4751e+03	1.0594e-10
4.4775e+03	1.1911e-10
4.4800e+03	8.2862e-11
4.4824e+03	8.7750e-11
4.4849e+03	9.9184e-11
4.4873e+03	1.0710e-10
4.4897e+03	1.0436e-10
4.4922e+03	1.0152e-10
4.4946e+03	1.1158e-10
4.4971e+03	1.1040e-10
4.4995e+03	7.8073e-11
4.5020e+03	7.9737e-11
4.5044e+03	1.0169e-10
4.5068e+03	1.1945e-10
4.5093e+03	8.9961e-11
4.5117e+03	9.6070e-11
4.5142e+03	8.9055e-11
4.5166e+03	7.3215e-11
4.5190e+03	8.6167e-11
4.5215e+03	7.6845e-11
4.5239e+03	7.5269e-11
4.5264e+03	9.8553e-11
4.5288e+03	1.1936e-10
4.5312e+03	1.3202e-10
4.5337e+03	9.1746e-11
4.5361e+03	9.2144e-11
4.5386e+03	8.7919e-11
4.5410e+03	7.9359e-11
4.5435e+03	8.3525e-11
4.5459e+03	1.0205e-10
4.5483e+03	9.0751e-11
4.5508e+03	8.0177e-11
4.5532e+03	9.9622e-11
4.5557e+03	9.6126e-11
4.5581e+03	1.0394e-10
4.5605e+03	1.3619e-10
4.5630e+03	1.1632e-10
4.5654e+03	1.0496e-10
4.5679e+03	9.9961e-11
4.5703e+03	9.5249e-11
4.5728e+03	8.7100e-11
4.5752e+03	9.0350e-11
4.5776e+03	1.1846e-10
4.5801e+03	8.6966e-11
4.5825e+03	9.0374e-11
4.5850e+03	1.0283e-10
4.5874e+03	7.9195e-11
4.5898e+03	7.8953e-11
4.5923e+03	9.5312e-11
4.5947e+03	8.6918e-11
4.5972e+03	9.4509e-11
4.5996e+03	1.0779e-10
4.6021e+03	1.0992e-10
4.6045e+03	1.0799e-10
4.6069e+03	1.0080e-10
4.6094e+03	1.1902e-10
4.6118e+03	1.3181e-10
4.6143e+03	9.8231e-11
4.6167e+03	7.1819e-11
4.6191e+03	8.9762e-11
4.6216e+03	8.3337e-11
4.6240e+03	1.0181e-10
4.6265e+03	1.1707e-10
4.6289e+03	1.4183e-10
4.6313e+03	1.1040e-10
4.6338e+03	1.0555e-10
4.6362e+03	1.1367e-10
4.6387e+03	1.1180e-10
4.6411e+03	9.3750e-11
4.6436e+03	8.8171e-11
4.6460e+03	9.5863e-11
4.6484e+03	9.8845e-11
4.6509e+03	9.6410e-11
4.6533e+03	8.8506e-11
4.6558e+03	1.0533e-10
4.6582e+03	1.0105e-10
4.6606e+03	1.0209e-10
4.6631e+03	1.3629e-10
4.6655e+03	1.1390e-10
4.6680e+03	1.0535e-10
4.6704e+03	9.7648e-11
4.6729e+03	1.1451e-10
4.6753e+03	9.9585e-11
4.6777e+03	7.0727e-11
4.6802e+03	7.1818e-11
4.6826e+03	1.2190e-10
4.6851e+03	9.1650e-11
4.6875e+03	7.0231e-11
4.6899e+03	8.9342e-11
4.6924e+03	9.7503e-11
4.6948e+03	9.5772e-11
4.6973e+03	9.9278e-11
4.6997e+03	1.0172e-10
4.7021e+03	9.8852e-11
4.7046e+03	8.2684e-11
4.7070e+03	8.6918e-11
4.7095e+03	1.2721e-10
4.7119e+03	8.9055e-11
4.7144e+03	1.0169e-10
4.7168e+03	1.2287e-10
4.7192e+03	9.6550e-11
4.7217e+03	7.4710e-11
4.7241e+03	8.8555e-11
4.7266e+03	1.0062e-10
4.7290e+03	1.0133e-10
4.7314e+03	1.2839e-10
4.7339e+03	1.0719e-10
4.7363e+03	6.6319e-11
4.7388e+03	6.2188e-11
4.7412e+03	6.8509e-11
4.7437e+03	7.8060e-11
4.7461e+03	9.4103e-11
4.7485e+03	1.0223e-10
4.7510e+03	9.8912e-11
4.7534e+03	9.1923e-11
4.7559e+03	1.0808e-10
4.7583e+03	9.8406e-11
4.7607e+03	9.9924e-11
4.7632e+03	1.2973e-10
4.7656e+03	1.3619e-10
4.7681e+03	1.2430e-10
4.7705e+03	1.0215e-10
4.7729e+03	9.5357e-11
4.7754e+03	1.0273e-10
4.7778e+03	9.7394e-11
4.7803e+03	8.2297e-11
4.7827e+03	8.2831e-11
4.7852e+03	8.1116e-11
4.7876e+03	9.5083e-11
4.7900e+03	9.9584e-11
4.7925e+03	1.0251e-10
4.7949e+03	1.1438e-10
4.7974e+03	1.1100e-10
4.7998e+03	1.1293e-10
4.8022e+03	1.0828e-10
4.8047e+03	9.0095e-11
4.8071e+03	1.1046e-10
4.8096e+03	9.2783e-11
4.8120e+03	1.1398e-10
4.8145e+03	9.6660e-11
4.8169e+03	8.1980e-11
4.8193e+03	1.0088e-10
4.8218e+03	1.1685e-10
4.8242e+03	1.1981e-10
4.8267e+03	8.2504e-11
4.8291e+03	7.6231e-11
4.8315e+03	8.3346e-11
4.8340e+03	1.2131e-10
4.8364e+03	1.2131e-10
4.8389e+03	1.0347e-10
4.8413e+03	8.0947e-11
4.8438e+03	9.3955e-11
4.8462e+03	1.0125e-10
4.8486e+03	7.7715e-11
4.8511e+03	7.8113e-11
4.8535e+03	1.0014e-10
4.8560e+03	9.9415e-11
4.8584e+03	9.1110e-11
4.8608e+03	8.0715e-11
4.8633e+03	1.1033e-10
4.8657e+03	9.3088e-11
4.8682e+03	8.6533e-11
4.8706e+03	1.0022e-10
4.8730e+03	9.1642e-11
4.8755e+03	9.3920e-11
4.8779e+03	8.5035e-11
4.8804e+03	8.8200e-11
4.8828e+03	8.4045e-11
4.8853e+03	1.0459e-10
4.8877e+03	9.0572e-11
4.8901e+03	1.0334e-10
4.8926e+03	1.2568e-10
4.8950e+03	1.1535e-10
4.8975e+03	1.1175e-10
4.8999e+03	1.1691e-10
4.9023e+03	1.1402e-10
4.9048e+03	8.4826e-11
4.9072e+03	7.6453e-11
4.9097e+03	7.9035e-11
4.9121e+03	8.9068e-11
4.9146e+03	9.0641e-11
4.9170e+03	8.2667e-11
4.9194e+03	8.4067e-11
4.9219e+03	9.5317e-11
4.9243e+03	1.1033e-10
4.9268e+03	9.8335e-11
4.9292e+03	1.2303e-10
4.9316e+03	1.0612e-10
4.9341e+03	1.0280e-10
4.9365e+03	9.6926e-11
4.9390e+03	8.9071e-11
4.9414e+03	1.1939e-10
4.9438e+03	1.1633e-10
4.9463e+03	9.6463e-11
4.9487e+03	1.1623e-10
4.9512e+03	9.0546e-11
4.9536e+03	9.0087e-11
4.9561e+03	9.2447e-11
4.9585e+03	8.4505e-11
4.9609e+03	1.0607e-10
4.9634e+03	1.1946e-10
4.9658e+03	1.1574e-10
4.9683e+03	1.0841e-10
4.9707e+03	9.8226e-11
4.9731e+03	1.2307e-10
4.9756e+03	1.2583e-10
4.9780e+03	9.2406e-11
4.9805e+03	9.0906e-11
4.9829e+03	8.8966e-11
4.9854e+03	8.1855e-11
4.9878e+03	9.0358e-11
4.9902e+03	6.9143e-11
4.9927e+03	8.9780e-11
4.9951e+03	9.7693e-11
4.9976e+03	9.6100e-11
5.0000e+03	9.2078e-11
5.0024e+03	9.3239e-11
5.0049e+03	8.6069e-11
5.0073e+03	8.3118e-11
5.0098e+03	1.0099e-10
5.0122e+03	1.3164e-10
5.0146e+03	9.7139e-11
5.0171e+03	8.9942e-11
5.0195e+03	1.0398e-10
5.0220e+03	1.1662e-10
5.0244e+03	1.1331e-10
5.0269e+03	9.6815e-11
5.0293e+03	7.1373e-11
5.0317e+03	7.6451e-11
5.0342e+03	8.0595e-11
5.0366e+03	1.0074e-10
5.0391e+03	1.0022e-10
5.0415e+03	1.2821e-10
5.0439e+03	1.1553e-10
5.0464e+03	8.4232e-11
5.0488e+03	1.0429e-10
5.0513e+03	9.3288e-11
5.0537e+03	7.9230e-11
5.0562e+03	1.0057e-10
5.0586e+03	1.1297e-10
5.0610e+03	9.6916e-11
5.0635e+03	8.5868e-11
5.0659e+03	7.7269e-11
5.0684e+03	7.6770e-11
5.0708e+03	8.6373e-11
5.0732e+03	8.3318e-11
5.0757e+03	1.0061e-10
5.0781e+03	9.4231e-11
5.0806e+03	6.5968e-11
5.0830e+03	8.8579e-11
5.0854e+03	1.1352e-10
5.0879e+03	1.2231e-10
5.0903e+03	9.0138e-11
5.0928e+03	9.1396e-11
5.0952e+03	7.2190e-11
5.0977e+03	9.0877e-11
5.1001e+03	8.9876e-11
5.1025e+03	9.9728e-11
5.1050e+03	9.7110e-11
5.1074e+03	9.5695e-11
5.1099e+03	7.9186e-11
5.1123e+03	7.9985e-11
5.1147e+03	1.0658e-10
5.1172e+03	9.9025e-11
5.1196e+03	7.0015e-11
5.1221e+03	7.3353e-11
5.1245e+03	7.5567e-11
5.1270e+03	7.6849e-11
5.1294e+03	8.8090e-11
5.1318e+03	8.8039e-11
5.1343e+03	9.7631e-11
5.1367e+03	1.0523e-10
5.1392e+03	9.8952e-11
5.1416e+03	7.8690e-11
5.1440e+03	8.0695e-11
5.1465e+03	7.9308e-11
5.1489e+03	8.3979e-11
5.1514e+03	9.9767e-11
5.1538e+03	1.0399e-10
5.1562e+03	7.9279e-11
5.1587e+03	6.7680e-11
5.1611e+03	8.8242e-11
5.1636e+03	9.9712e-11
5.1660e+03	1.0197e-10
5.1685e+03	1.0616e-10
5.1709e+03	8.9968e-11
5.1733e+03	9.8007e-11
5.1758e+03	8.8274e-11
5.1782e+03	8.8048e-11
5.1807e+03	9.6358e-11
5.1831e+03	1.0548e-10
5.1855e+03	9.5260e-11
5.1880e+03	1.0899e-10
5.1904e+03	9.8484e-11
5.1929e+03	7.8242e-11
5.1953e+03	1.0867e-10
5.1978e+03	1.0619e-10
5.2002e+03	8.3384e-11
5.2026e+03	1.0482e-10
5.2051e+03	1.2780e-10
5.2075e+03	1.2387e-10
5.2100e+03	1.0952e-10
5.2124e+03	8.0496e-11
5.2148e+03	7.7215e-11
5.2173e+03	8.4927e-11
5.2197e+03	7.9636e-11
5.2222e+03	9.2923e-11
5.2246e+03	9.9104e-11
5.2271e+03	7.7899e-11
5.2295e+03	6.5647e-11
5.2319e+03	8.9358e-11
5.2344e+03	1.2574e-10
5.2368e+03	1.1712e-10
5.2393e+03	8.2243e-11
5.2417e+03	8.2847e-11
5.2441e+03	6.8531e-11
5.2466e+03	9.0667e-11
5.2490e+03	8.5361e-11
5.2515e+03	9.8963e-11
5.2539e+03	8.3170e-11
5.2563e+03	9.1724e-11
5.2588e+03	1.0750e-10
5.2612e+03	1.3738e-10
5.2637e+03	1.1138e-10
5.2661e+03	9.4693e-11
5.2686e+03	1.0740e-10
5.2710e+03	1.1291e-10
5.2734e+03	1.3786e-10
5.2759e+03	1.4664e-10
5.2783e+03	1.2299e-10
5.2808e+03	1.1552e-10
5.2832e+03	8.3748e-11
5.2856e+03	9.4205e-11
5.2881e+03	1.1390e-10
5.2905e+03	1.1095e-10
5.2930e+03	9.4180e-11
5.2954e+03	9.5466e-11
5.2979e+03	8.0360e-11
5.3003e+03	7.8922e-11
5.3027e+03	7.2940e-11
5.3052e+03	8.4928e-11
5.3076e+03	9.4938e-11
5.3101e+03	7.7295e-11
5.3125e+03	8.5113e-11
5.3149e+03	1.2284e-10
5.3174e+03	1.0797e-10
5.3198e+03	8.8822e-11
5.3223e+03	1.0882e-10
5.3247e+03	1.3258e-10
5.3271e+03	1.0261e-10
5.3296e+03	1.0945e-10
5.3320e+03	8.9797e-11
5.3345e+03	9.2271e-11
5.3369e+03	1.0199e-10
5.3394e+03	1.0478e-10
5.3418e+03	1.0449e-10
5.3442e+03	9.0992e-11
5.3467e+03	8.9141e-11
5.3491e+03	1.0804e-10
5.3516e+03	1.1099e-10
5.3540e+03	9.2846e-11
5.3564e+03	8.3834e-11
5.3589e+03	1.0301e-10
5.3613e+03	1.2589e-10
5.3638e+03	9.8948e-11
5.3662e+03	9.8821e-11
5.3687e+03	1.1856e-10
5.3711e+03	9.2997e-11
5.3735e+03	1.2648e-10
5.3760e+03	1.0626e-10
5.3784e+03	9.6116e-11
5.3809e+03	1.1470e-10
5.3833e+03	1.1297e-10
5.3857e+03	1.1438e-10
5.3882e+03	8.9091e-11
5.3906e+03	6.8780e-11
5.3931e+03	1.0002e-10
5.3955e+03	1.1129e-10
5.3979e+03	9.9910e-11
5.4004e+03	1.0641e-10
5.4028e+03	1.1948e-10
5.4053e+03	1.2769e-10
5.4077e+03	1.2286e-10
5.4102e+03	1.0751e-10
5.4126e+03	7.7444e-11
5.4150e+03	7.5346e-11
5.4175e+03	1.0130e-10
5.4199e+03	1.0125e-10
5.4224e+03	1.3002e-10
5.4248e+03	1.0626e-10
5.4272e+03	1.0647e-10
5.4297e+03	1.0089e-10
5.4321e+03	8.4054e-11
5.4346e+03	9.6757e-11
5.4370e+03	1.0374e-10
5.4395e+03	1.2182e-10
5.4419e+03	1.2136e-10
5.4443e+03	8.2299e-11
5.4468e+03	8.2319e-11
5.4492e+03	1.0081e-10
5.4517e+03	1.1655e-10
5.4541e+03	1.2575e-10
5.4565e+03	1.1497e-10
5.4590e+03	1.0068e-10
5.4614e+03	7.9462e-11
5.4639e+03	9.5913e-11
5.4663e+03	1.2616e-10
5.4688e+03	1.1183e-10
5.4712e+03	9.8474e-11
5.4736e+03	1.1392e-10
5.4761e+03	1.2102e-10
5.4785e+03	1.2029e-10
5.4810e+03	1.1477e-10
5.4834e+03	1.1134e-10
5.4858e+03	9.8893e-11
5.4883e+03	9.8900e-11
5.4907e+03	9.4698e-11
5.4932e+03	9.2455e-11
5.4956e+03	1.0784e-10
5.4980e+03	9.6972e-11
5.5005e+03	1.0475e-10
5.5029e+03	1.2223e-10
5.5054e+03	1.2065e-10
5.5078e+03	1.0007e-10
5.5103e+03	1.1506e-10
5.5127e+03	1.2991e-10
5.5151e+03	1.0765e-10
5.5176e+03	1.2147e-10
5.5200e+03	1.4436e-10
5.5225e+03	1.1040e-10
5.5249e+03	1.0460e-10
5.5273e+03	1.1312e-10
5.5298e+03	1.1930e-10
5.5322e+03	1.0920e-10
5.5347e+03	9.3654e-11
5.5371e+03	1.0144e-10
5.5396e+03	8.5315e-11
5.5420e+03	9.2399e-11
5.5444e+03	9.9249e-11
5.5469e+03	1.1261e-10
5.5493e+03	7.3737e-11
5.5518e+03	8.0079e-11
5.5542e+03	9.0326e-11
5.5566e+03	1.0253e-10
5.5591e+03	1.1641e-10
5.5615e+03	1.1039e-10
5.5640e+03	1.2685e-10
5.5664e+03	1.0949e-10
5.5688e+03	8.8138e-11
5.5713e+03	8.8959e-11
5.5737e+03	1.0158e-10
5.5762e+03	9.6817e-11
5.5786e+03	9.1965e-11
5.5811e+03	7.7191e-11
5.5835e+03	7.3042e-11
5.5859e+03	8.8031e-11
5.5884e+03	1.0404e-10
5.5908e+03	1.0703e-10
5.5933e+03	1.0408e-10
5.5957e+03	1.1953e-10
5.5981e+03	1.1183e-10
5.6006e+03	1.0134e-10
5.6030e+03	1.0951e-10
5.6055e+03	1.1848e-10
5.6079e+03	1.0694e-10
5.6104e+03	8.5457e-11
5.6128e+03	7.6705e-11
5.6152e+03	9.1006e-11
5.6177e+03	1.2480e-10
5.6201e+03	1.4309e-10
5.6226e+03	1.0028e-10
5.6250e+03	9.0155e-11
5.6274e+03	9.2754e-11
5.6299e+03	8.8164e-11
5.6323e+03	6.9684e-11
5.6348e+03	7.6760e-11
5.6372e+03	9.2429e-11
5.6396e+03	9.8040e-11
5.6421e+03	9.5151e-11
5.6445e+03	9.9867e-11
5.6470e+03	9.5568e-11
5.6494e+03	9.9598e-11
5.6519e+03	9.1286e-11
5.6543e+03	1.3761e-10
5.6567e+03	1.3389e-10
5.6592e+03	9.9578e-11
5.6616e+03	9.5081e-11
5.6641e+03	1.0534e-10
5.6665e+03	1.2835e-10
5.6689e+03	1.1370e-10
5.6714e+03	8.6632e-11
5.6738e+03	8.7085e-11
5.6763e+03	1.1372e-10
5.6787e+03	1.0768e-10
5.6812e+03	1.0522e-10
5.6836e+03	1.1830e-10
5.6860e+03	1.3424e-10
5.6885e+03	1.2374e-10
5.6909e+03	8.6946e-11
5.6934e+03	9.5795e-11
5.6958e+03	8.0005e-11
5.6982e+03	7.4863e-11
5.7007e+03	8.2109e-11
5.7031e+03	9.9027e-11
5.7056e+03	1.2378e-10
5.7080e+03	1.3453e-10
5.7104e+03	1.2123e-10
5.7129e+03	1.0085e-10
5.7153e+03	8.6692e-11
5.7178e+03	1.0036e-10
5.7202e+03	8.4023e-11
5.7227e+03	8.9738e-11
5.7251e+03	1.0955e-10
5.7275e+03	1.0866e-10
5.7300e+03	9.5892e-11
5.7324e+03	9.2246e-11
5.7349e+03	7.8176e-11
5.7373e+03	8.6122e-11
5.7397e+03	8.3173e-11
5.7422e+03	7.6127e-11
5.7446e+03	8.2951e-11
5.7471e+03	8.2291e-11
5.7495e+03	7.9642e-11
5.7520e+03	1.0857e-10
5.7544e+03	1.0778e-10
5.7568e+03	8.9589e-11
5.7593e+03	8.9137e-11
5.7617e+03	1.0548e-10
5.7642e+03	1.1047e-10
5.7666e+03	1.1288e-10
5.7690e+03	1.1033e-10
5.7715e+03	8.2589e-11
5.7739e+03	8.1633e-11
5.7764e+03	8.4082e-11
5.7788e+03	8.1746e-11
5.7812e+03	8.1863e-11
5.7837e+03	8.6486e-11
5.7861e+03	8.5532e-11
5.7886e+03	7.4961e-11
5.7910e+03	6.7234e-11
5.7935e+03	9.3685e-11
5.7959e+03	1.1304e-10
5.7983e+03	8.6946e-11
5.8008e+03	7.8445e-11
5.8032e+03	7.9836e-11
5.8057e+03	8.6643e-11
5.8081e+03	1.3044e-10
5.8105e+03	1.1727e-10
5.8130e+03	1.0935e-10
5.8154e+03	1.2766e-10
5.8179e+03	1.0259e-10
5.8203e+03	8.8850e-11
5.8228e+03	9.8469e-11
5.8252e+03	9.9264e-11
5.8276e+03	9.8231e-11
5.8301e+03	1.1130e-10
5.8325e+03	1.1274e-10
5.8350e+03	1.1085e-10
5.8374e+03	9.5065e-11
5.8398e+03	8.2734e-11
5.8423e+03	8.5561e-11
5.8447e+03	1.1085e-10
5.8472e+03	1.0749e-10
5.8496e+03	9.7786e-11
5.8521e+03	6.6649e-11
5.8545e+03	8.0489e-11
5.8569e+03	7.6206e-11
5.8594e+03	9.5335e-11
5.8618e+03	9.4529e-11
5.8643e+03	9.3577e-11
5.8667e+03	1.0777e-10
5.8691e+03	1.0093e-10
5.8716e+03	8.7268e-11
5.8740e+03	7.8068e-11
5.8765e+03	7.2848e-11
5.8789e+03	8.0564e-11
5.8813e+03	8.5864e-11
5.8838e+03	1.0851e-10
5.8862e+03	1.1021e-10
5.8887e+03	9.1734e-11
5.8911e+03	1.1276e-10
5.8936e+03	1.0397e-10
5.8960e+03	1.1096e-10
5.8984e+03	1.0723e-10
5.9009e+03	1.1747e-10
5.9033e+03	1.1338e-10
5.9058e+03	9.8429e-11
5.9082e+03	1.2616e-10
5.9106e+03	1.0028e-10
5.9131e+03	8.0333e-11
5.9155e+03	1.0297e-10
5.9180e+03	1.1725e-10
5.9204e+03	1.0457e-10
5.9229e+03	1.0386e-10
5.9253e+03	9.8542e-11
5.9277e+03	8.2633e-11
5.9302e+03	7.9237e-11
5.9326e+03	8.2111e-11
5.9351e+03	8.2894e-11
5.9375e+03	9.6100e-11
5.9399e+03	9.2663e-11
5.9424e+03	9.3236e-11
5.9448e+03	8.0778e-11
5.9473e+03	8.5920e-11
5.9497e+03	8.4192e-11
5.9521e+03	8.6503e-11
5.9546e+03	1.0404e-10
5.9570e+03	1.1212e-10
5.9595e+03	9.7967e-11
5.9619e+03	1.0108e-10
5.9644e+03	1.1506e-10
5.9668e+03	1.1713e-10
5.9692e+03	9.2308e-11
5.9717e+03	7.6266e-11
5.9741e+03	9.1904e-11
5.9766e+03	9.2261e-11
5.9790e+03	1.0128e-10
5.9814e+03	8.3647e-11
5.9839e+03	7.1508e-11
5.9863e+03	7.7637e-11
5.9888e+03	9.3758e-11
5.9912e+03	1.1006e-10
5.9937e+03	9.7295e-11
5.9961e+03	8.5354e-11
5.9985e+03	8.4418e-11
6.0010e+03	8.6262e-11
6.0034e+03	9.1167e-11
6.0059e+03	1.0425e-10
6.0083e+03	9.3880e-11
6.0107e+03	9.3845e-11
6.0132e+03	1.0071e-10
6.0156e+03	9.1287e-11
6.0181e+03	1.0642e-10
6.0205e+03	1.0477e-10
6.0229e+03	9.0220e-11
6.0254e+03	7.2479e-11
6.0278e+03	8.0007e-11
6.0303e+03	7.4711e-11
6.0327e+03	8.5435e-11
6.0352e+03	1.0354e-10
6.0376e+03	7.7897e-11
6.0400e+03	8.0363e-11
6.0425e+03	8.9573e-11
6.0449e+03	8.9084e-11
6.0474e+03	1.0159e-10
6.0498e+03	1.1645e-10
6.0522e+03	1.1043e-10
6.0547e+03	1.0000e-10
6.0571e+03	9.7425e-11
6.0596e+03	1.0264e-10
6.0620e+03	1.2069e-10
6.0645e+03	9.5819e-11
6.0669e+03	9.7012e-11
6.0693e+03	8.8778e-11
6.0718e+03	8.2646e-11
6.0742e+03	1.2750e-10
6.0767e+03	1.2222e-10
6.0791e+03	9.7920e-11
6.0815e+03	1.0814e-10
6.0840e+03	1.1754e-10
6.0864e+03	1.0751e-10
6.0889e+03	1.1170e-10
6.0913e+03	1.1770e-10
6.0938e+03	8.7769e-11
6.0962e+03	1.0059e-10
6.0986e+03	1.1158e-10
6.1011e+03	1.1145e-10
6.1035e+03	1.0454e-10
6.1060e+03	8.1779e-11
6.1084e+03	8.8484e-11
6.1108e+03	1.2159e-10
6.1133e+03	1.0757e-10
6.1157e+03	8.6226e-11
6.1182e+03	8.6768e-11
6.1206e+03	8.3187e-11
6.1230e+03	1.1575e-10
6.1255e+03	1.4005e-10
6.1279e+03	1.0799e-10
6.1304e+03	8.2903e-11
6.1328e+03	8.8695e-11
6.1353e+03	1.1603e-10
6.1377e+03	1.1034e-10
6.1401e+03	9.3996e-11
6.1426e+03	1.0372e-10
6.1450e+03	8.9556e-11
6.1475e+03	9.6111e-11
6.1499e+03	1.0676e-10
6.1523e+03	7.5361e-11
6.1548e+03	8.0147e-11
6.1572e+03	9.3747e-11
6.1597e+03	9.6956e-11
6.1621e+03	8.8484e-11
6.1646e+03	8.0672e-11
6.1670e+03	7.5782e-11
6.1694e+03	7.8977e-11
6.1719e+03	7.2393e-11
6.1743e+03	8.8924e-11
6.1768e+03	9.6731e-11
6.1792e+03	8.3572e-11
6.1816e+03	7.7558e-11
6.1841e+03	8.2423e-11
6.1865e+03	9.3359e-11
6.1890e+03	9.7621e-11
6.1914e+03	9.2358e-11
6.1938e+03	9.3154e-11
6.1963e+03	1.0502e-10
6.1987e+03	1.0753e-10
6.2012e+03	9.2705e-11
6.2036e+03	9.7651e-11
6.2061e+03	1.0712e-10
6.2085e+03	1.0275e-10
6.2109e+03	8.6620e-11
6.2134e+03	6.9129e-11
6.2158e+03	8.0301e-11
6.2183e+03	1.0146e-10
6.2207e+03	1.0094e-10
6.2231e+03	9.1601e-11
6.2256e+03	9.9486e-11
6.2280e+03	9.4654e-11
6.2305e+03	1.1161e-10
6.2329e+03	8.8250e-11
6.2354e+03	9.7749e-11
6.2378e+03	1.1576e-10
6.2402e+03	1.0448e-10
6.2427e+03	8.6403e-11
6.2451e+03	1.0170e-10
6.2476e+03	1.0021e-10
6.2500e+03	1.0831e-10
6.2524e+03	1.2291e-10
6.2549e+03	1.1201e-10
6.2573e+03	8.2369e-11
6.2598e+03	1.1006e-10
6.2622e+03	1.1722e-10
6.2646e+03	1.0577e-10
6.2671e+03	1.1886e-10
6.2695e+03	1.0706e-10
6.2720e+03	1.0557e-10
6.2744e+03	9.6682e-11
6.2769e+03	8.3877e-11
6.2793e+03	8.2232e-11
6.2817e+03	7.9467e-11
6.2842e+03	8.9210e-11
6.2866e+03	1.0650e-10
6.2891e+03	8.8032e-11
6.2915e+03	8.6696e-11
6.2939e+03	9.2908e-11
6.2964e+03	9.8707e-11
6.2988e+03	9.9095e-11
6.3013e+03	1.1124e-10
6.3037e+03	9.3198e-11
6.3062e+03	9.2689e-11
6.3086e+03	7.4356e-11
6.3110e+03	7.8679e-11
6.3135e+03	9.2272e-11
6.3159e+03	9.5725e-11
6.3184e+03	1.0938e-10
6.3208e+03	1.2021e-10
6.3232e+03	1.0706e-10
6.3257e+03	1.0572e-10
6.3281e+03	1.3783e-10
6.3306e+03	1.3152e-10
6.3330e+03	1.2173e-10
6.3354e+03	1.3724e-10
6.3379e+03	1.0743e-10
6.3403e+03	1.0127e-10
6.3428e+03	7.6505e-11
6.3452e+03	9.6933e-11
6.3477e+03	8.6047e-11
6.3501e+03	8.2922e-11
6.3525e+03	8.7341e-11
6.3550e+03	1.0529e-10
6.3574e+03	1.0257e-10
6.3599e+03	1.1741e-10
6.3623e+03	1.2112e-10
6.3647e+03	8.9424e-11
6.3672e+03	9.4593e-11
6.3696e+03	1.1652e-10
6.3721e+03	1.1779e-10
6.3745e+03	8.8028e-11
6.3770e+03	1.0528e-10
6.3794e+03	1.1851e-10
6.3818e+03	1.0331e-10
6.3843e+03	1.0057e-10
6.3867e+03	9.8357e-11
6.3892e+03	8.4980e-11
6.3916e+03	9.0626e-11
6.3940e+03	1.0087e-10
6.3965e+03	1.0931e-10
6.3989e+03	1.2723e-10
6.4014e+03	1.0733e-10
6.4038e+03	9.9498e-11
6.4062e+03	9.6505e-11
6.4087e+03	8.3264e-11
6.4111e+03	1.1813e-10
6.4136e+03	1.2879e-10
6.4160e+03	1.1540e-10
6.4185e+03	1.2319e-10
6.4209e+03	1.0217e-10
6.4233e+03	9.7041e-11
6.4258e+03	1.0206e-10
6.4282e+03	1.3214e-10
6.4307e+03	9.3607e-11
6.4331e+03	9.7132e-11
6.4355e+03	9.8087e-11
6.4380e+03	1.1254e-10
6.4404e+03	1.1561e-10
6.4429e+03	9.8640e-11
6.4453e+03	8.6976e-11
6.4478e+03	8.9542e-11
6.4502e+03	9.6644e-11
6.4526e+03	7.4384e-11
6.4551e+03	8.0462e-11
6.4575e+03	9.5743e-11
6.4600e+03	7.1477e-11
6.4624e+03	6.8586e-11
6.4648e+03	7.8395e-11
6.4673e+03	8.1145e-11
6.4697e+03	9.8270e-11
6.4722e+03	1.0085e-10
6.4746e+03	1.1738e-10
6.4771e+03	1.2278e-10
6.4795e+03	9.7325e-11
6.4819e+03	1.1935e-10
6.4844e+03	1.1160e-10
6.4868e+03	9.7941e-11
6.4893e+03	8.6466e-11
6.4917e+03	9.3420e-11
6.4941e+03	1.0197e-10
6.4966e+03	9.1322e-11
6.4990e+03	8.8851e-11
6.5015e+03	7.4343e-11
6.5039e+03	8.2548e-11
6.5063e+03	7.9954e-11
6.5088e+03	9.6198e-11
6.5112e+03	1.1434e-10
6.5137e+03	1.2456e-10
6.5161e+03	1.1214e-10
6.5186e+03	1.0820e-10
6.5210e+03	1.0500e-10
6.5234e+03	1.0156e-10
6.5259e+03	1.0486e-10
6.5283e+03	8.3129e-11
6.5308e+03	8.9373e-11
6.5332e+03	9.9930e-11
6.5356e+03	1.0361e-10
6.5381e+03	9.2672e-11
6.5405e+03	1.0139e-10
6.5430e+03	1.0279e-10
6.5454e+03	9.6641e-11
6.5479e+03	9.7966e-11
6.5503e+03	9.3165e-11
6.5527e+03	9.0361e-11
6.5552e+03	1.1441e-10
6.5576e+03	1.0932e-10
6.5601e+03	9.3432e-11
6.5625e+03	9.8489e-11
6.5649e+03	9.5359e-11
6.5674e+03	8.8105e-11
6.5698e+03	1.0200e-10
6.5723e+03	1.2155e-10
6.5747e+03	1.2036e-10
6.5771e+03	1.3449e-10
6.5796e+03	1.4332e-10
6.5820e+03	1.2889e-10
6.5845e+03	9.2852e-11
6.5869e+03	1.0377e-10
6.5894e+03	1.0301e-10
6.5918e+03	8.2498e-11
6.5942e+03	6.5367e-11
6.5967e+03	8.4492e-11
6.5991e+03	9.5003e-11
6.6016e+03	8.5667e-11
6.6040e+03	8.7083e-11
6.6064e+03	1.2461e-10
6.6089e+03	1.0461e-10
6.6113e+03	9.3802e-11
6.6138e+03	1.0380e-10
6.6162e+03	1.0264e-10
6.6187e+03	1.3471e-10
6.6211e+03	1.1154e-10
6.6235e+03	9.0525e-11
6.6260e+03	8.0325e-11
6.6284e+03	9.0764e-11
6.6309e+03	9.8752e-11
6.6333e+03	9.0843e-11
6.6357e+03	1.0416e-10
6.6382e+03	9.1391e-11
6.6406e+03	9.5452e-11
6.6431e+03	1.0993e-10
6.6455e+03	1.0094e-10
6.6479e+03	1.0909e-10
6.6504e+03	9.7264e-11
6.6528e+03	1.0416e-10
6.6553e+03	1.0580e-10
6.6577e+03	1.0118e-10
6.6602e+03	1.1968e-10
6.6626e+03	1.0619e-10
6.6650e+03	1.0008e-10
6.6675e+03	9.6567e-11
6.6699e+03	8.1727e-11
6.6724e+03	9.2562e-11
6.6748e+03	9.5818e-11
6.6772e+03	1.1610e-10
6.6797e+03	9.4497e-11
6.6821e+03	9.2620e-11
6.6846e+03	1.0755e-10
6.6870e+03	9.4997e-11
6.6895e+03	9.4277e-11
6.6919e+03	1.0790e-10
6.6943e+03	9.6091e-11
6.6968e+03	9.2247e-11
6.6992e+03	8.7269e-11
6.7017e+03	1.0373e-10
6.7041e+03	9.2896e-11
6.7065e+03	8.2392e-11
6.7090e+03	9.4563e-11
6.7114e+03	8.9754e-11
6.7139e+03	8.4397e-11
6.7163e+03	9.7106e-11
6.7188e+03	1.1146e-10
6.7212e+03	9.9153e-11
6.7236e+03	1.1889e-10
6.7261e+03	1.1238e-10
6.7285e+03	1.0440e-10
6.7310e+03	1.1689e-10
6.7334e+03	9.9118e-11
6.7358e+03	8.2973e-11
6.7383e+03	8.6752e-11
6.7407e+03	9.4418e-11
6.7432e+03	9.7031e-11
6.7456e+03	8.6924e-11
6.7480e+03	7.9989e-11
6.7505e+03	9.7900e-11
6.7529e+03	1.0047e-10
6.7554e+03	1.1003e-10
6.7578e+03	9.5734e-11
6.7603e+03	9.9024e-11
6.7627e+03	1.0381e-10
6.7651e+03	9.1668e-11
6.7676e+03	7.7439e-11
6.7700e+03	9.4777e-11
6.7725e+03	1.0722e-10
6.7749e+03	1.0390e-10
6.7773e+03	1.0711e-10
6.7798e+03	1.0814e-10
6.7822e+03	9.2260e-11
6.7847e+03	7.1815e-11
6.7871e+03	8.7160e-11
6.7896e+03	1.0436e-10
6.7920e+03	9.6201e-11
6.7944e+03	1.0246e-10
6.7969e+03	8.5993e-11
6.7993e+03	7.4898e-11
6.8018e+03	1.0603e-10
6.8042e+03	1.2701e-10
6.8066e+03	9.1667e-11
6.8091e+03	8.5726e-11
6.8115e+03	1.1391e-10
6.8140e+03	1.0889e-10
6.8164e+03	7.5069e-11
6.8188e+03	6.2791e-11
6.8213e+03	8.8367e-11
6.8237e+03	1.0945e-10
6.8262e+03	1.0960e-10
6.8286e+03	1.1270e-10
6.8311e+03	1.2417e-10
6.8335e+03	9.8979e-11
6.8359e+03	9.3501e-11
6.8384e+03	7.5285e-11
6.8408e+03	9.9999e-11
6.8433e+03	9.2381e-11
6.8457e+03	9.3923e-11
6.8481e+03	1.0097e-10
6.8506e+03	1.2380e-10
6.8530e+03	1.1133e-10
6.8555e+03	1.0722e-10
6.8579e+03	1.0680e-10
6.8604e+03	1.0164e-10
6.8628e+03	1.0317e-10
6.8652e+03	1.2244e-10
6.8677e+03	1.0618e-10
6.8701e+03	1.0416e-10
6.8726e+03	9.3276e-11
6.8750e+03	9.3507e-11
6.8774e+03	9.7322e-11
6.8799e+03	8.9082e-11
6.8823e+03	9.7409e-11
6.8848e+03	8.8941e-11
6.8872e+03	7.7457e-11
6.8896e+03	7.0696e-11
6.8921e+03	6.5525e-11
6.8945e+03	6.5897e-11
6.8970e+03	7.5851e-11
6.8994e+03	1.0525e-10
6.9019e+03	9.3496e-11
6.9043e+03	7.3821e-11
6.9067e+03	8.9433e-11
6.9092e+03	9.7143e-11
6.9116e+03	9.0564e-11
6.9141e+03	9.1696e-11
6.9165e+03	9.4652e-11
6.9189e+03	9.6196e-11
6.9214e+03	9.8664e-11
6.9238e+03	9.6975e-11
6.9263e+03	6.8388e-11
6.9287e+03	9.6510e-11
6.9312e+03	1.0113e-10
6.9336e+03	9.6149e-11
6.9360e+03	8.0578e-11
6.9385e+03	1.0719e-10
6.9409e+03	1.0117e-10
6.9434e+03	7.8181e-11
6.9458e+03	8.0212e-11
6.9482e+03	9.7283e-11
6.9507e+03	1.0566e-10
6.9531e+03	1.0071e-10
6.9556e+03	9.7478e-11
6.9580e+03	9.8761e-11
6.9604e+03	8.7787e-11
6.9629e+03	8.2236e-11
6.9653e+03	8.2065e-11
6.9678e+03	1.0148e-10
6.9702e+03	9.3904e-11
6.9727e+03	1.0894e-10
6.9751e+03	1.2753e-10
6.9775e+03	1.2371e-10
6.9800e+03	1.2228e-10
6.9824e+03	1.2101e-10
6.9849e+03	7.8833e-11
6.9873e+03	7.9139e-11
6.9897e+03	1.1302e-10
6.9922e+03	1.1762e-10
6.9946e+03	9.3537e-11
6.9971e+03	8.7565e-11
6.9995e+03	1.1657e-10
7.0020e+03	1.2454e-10
7.0044e+03	1.2136e-10
7.0068e+03	9.5462e-11
7.0093e+03	1.1646e-10
7.0117e+03	1.2539e-10
7.0142e+03	1.0654e-10
7.0166e+03	9.5667e-11
7.0190e+03	1.0535e-10
7.0215e+03	7.8276e-11
7.0239e+03	6.9469e-11
7.0264e+03	6.9363e-11
7.0288e+03	8.2744e-11
7.0312e+03	9.4035e-11
7.0337e+03	8.6045e-11
7.0361e+03	8.9419e-11
7.0386e+03	1.1902e-10
7.0410e+03	1.1404e-10
7.0435e+03	1.0903e-10
7.0459e+03	1.0829e-10
7.0483e+03	1.0130e-10
7.0508e+03	9.2176e-11
7.0532e+03	9.1070e-11
7.0557e+03	9.6544e-11
7.0581e+03	1.0316e-10
7.0605e+03	9.8272e-11
7.0630e+03	1.0326e-10
7.0654e+03	9.8254e-11
7.0679e+03	1.0620e-10
7.0703e+03	1.0480e-10
7.0728e+03	8.4044e-11
7.0752e+03	9.8017e-11
7.0776e+03	9.6927e-11
7.0801e+03	1.1112e-10
7.0825e+03	1.2066e-10
7.0850e+03	1.1637e-10
7.0874e+03	1.1644e-10
7.0898e+03	1.0556e-10
7.0923e+03	1.0795e-10
7.0947e+03	8.2697e-11
7.0972e+03	7.6267e-11
7.0996e+03	7.8817e-11
7.1021e+03	9.6379e-11
7.1045e+03	7.7611e-11
7.1069e+03	9.6802e-11
7.1094e+03	1.0540e-10
7.1118e+03	8.4362e-11
7.1143e+03	7.0732e-11
7.1167e+03	9.0356e-11
7.1191e+03	9.8484e-11
7.1216e+03	9.9676e-11
7.1240e+03	1.0997e-10
7.1265e+03	1.0481e-10
7.1289e+03	1.1111e-10
7.1313e+03	1.3472e-10
7.1338e+03	1.0189e-10
7.1362e+03	6.4758e-11
7.1387e+03	7.9980e-11
7.1411e+03	8.5722e-11
7.1436e+03	8.0627e-11
7.1460e+03	8.5293e-11
7.1484e+03	7.8744e-11
7.1509e+03	9.7443e-11
7.1533e+03	9.7342e-11
7.1558e+03	9.8278e-11
7.1582e+03	1.2435e-10
7.1606e+03	1.1153e-10
7.1631e+03	1.1176e-10
7.1655e+03	9.3614e-11
7.1680e+03	9.9808e-11
7.1704e+03	1.2442e-10
7.1729e+03	1.2364e-10
7.1753e+03	1.1535e-10
7.1777e+03	1.0993e-10
7.1802e+03	1.0283e-10
7.1826e+03	1.2179e-10
7.1851e+03	1.2377e-10
7.1875e+03	1.0268e-10
7.1899e+03	1.1014e-10
7.1924e+03	8.9840e-11
7.1948e+03	1.2063e-10
7.1973e+03	1.1684e-10
7.1997e+03	1.1569e-10
7.2021e+03	1.2728e-10
7.2046e+03	1.1561e-10
7.2070e+03	1.0030e-10
7.2095e+03	1.1449e-10
7.2119e+03	9.2394e-11
7.2144e+03	8.5512e-11
7.2168e+03	1.1212e-10
7.2192e+03	1.3167e-10
7.2217e+03	9.9730e-11
7.2241e+03	1.0071e-10
7.2266e+03	1.3225e-10
7.2290e+03	1.1145e-10
7.2314e+03	1.0135e-10
7.2339e+03	1.1894e-10
7.2363e+03	1.0717e-10
7.2388e+03	1.0337e-10
7.2412e+03	8.7145e-11
7.2437e+03	7.6010e-11
7.2461e+03	6.6096e-11
7.2485e+03	7.9045e-11
7.2510e+03	1.0691e-10
7.2534e+03	8.1542e-11
7.2559e+03	6.2337e-11
7.2583e+03	7.0218e-11
7.2607e+03	1.1585e-10
7.2632e+03	1.2417e-10
7.2656e+03	1.1856e-10
7.2681e+03	9.6124e-11
7.2705e+03	9.4069e-11
7.2729e+03	1.1317e-10
7.2754e+03	9.2880e-11
7.2778e+03	7.8976e-11
7.2803e+03	7.4273e-11
7.2827e+03	7.2620e-11
7.2852e+03	8.3265e-11
7.2876e+03	1.0826e-10
7.2900e+03	1.2362e-10
7.2925e+03	1.1385e-10
7.2949e+03	9.2822e-11
7.2974e+03	7.7943e-11
7.2998e+03	8.8616e-11
7.3022e+03	8.8693e-11
7.3047e+03	8.2247e-11
7.3071e+03	9.0106e-11
7.3096e+03	9.9390e-11
7.3120e+03	1.0522e-10
7.3145e+03	6.6067e-11
7.3169e+03	1.0046e-10
7.3193e+03	1.1322e-10
7.3218e+03	1.0012e-10
7.3242e+03	9.3874e-11
7.3267e+03	8.1933e-11
7.3291e+03	9.0124e-11
7.3315e+03	9.0712e-11
7.3340e+03	1.0050e-10
7.3364e+03	1.0004e-10
7.3389e+03	9.9078e-11
7.3413e+03	1.0475e-10
7.3438e+03	1.0270e-10
7.3462e+03	9.1045e-11
7.3486e+03	9.0354e-11
7.3511e+03	8.8143e-11
7.3535e+03	8.4051e-11
7.3560e+03	1.0057e-10
7.3584e+03	9.9194e-11
7.3608e+03	1.0743e-10
7.3633e+03	1.0563e-10
7.3657e+03	8.6542e-11
7.3682e+03	9.9202e-11
7.3706e+03	1.0792e-10
7.3730e+03	1.2645e-10
7.3755e+03	1.1504e-10
7.3779e+03	1.0525e-10
7.3804e+03	9.3914e-11
7.3828e+03	8.0918e-11
7.3853e+03	8.6763e-11
7.3877e+03	9.4523e-11
7.3901e+03	7.4656e-11
7.3926e+03	8.3783e-11
7.3950e+03	7.9659e-11
7.3975e+03	6.8962e-11
7.3999e+03	1.0201e-10
7.4023e+03	1.1830e-10
7.4048e+03	1.2643e-10
7.4072e+03	8.6080e-11
7.4097e+03	8.7682e-11
7.4121e+03	1.1069e-10
7.4146e+03	9.4896e-11
7.4170e+03	1.1279e-10
7.4194e+03	1.1528e-10
7.4219e+03	1.1947e-10
7.4243e+03	1.0807e-10
7.4268e+03	8.6880e-11
7.4292e+03	8.4137e-11
7.4316e+03	7.7093e-11
7.4341e+03	6.9078e-11
7.4365e+03	1.1093e-10
7.4390e+03	9.4691e-11
7.4414e+03	8.1523e-11
7.4438e+03	1.0204e-10
7.4463e+03	1.3313e-10
7.4487e+03	1.0333e-10
7.4512e+03	8.0391e-11
7.4536e+03	1.0133e-10
7.4561e+03	9.7447e-11
7.4585e+03	7.6761e-11
7.4609e+03	9.4830e-11
7.4634e+03	1.1430e-10
7.4658e+03	9.7266e-11
7.4683e+03	8.8075e-11
7.4707e+03	9.9827e-11
7.4731e+03	1.0380e-10
7.4756e+03	8.5177e-11
7.4780e+03	7.9369e-11
7.4805e+03	8.8395e-11
7.4829e+03	8.5811e-11
7.4854e+03	8.7600e-11
7.4878e+03	8.2082e-11
7.4902e+03	8.0227e-11
7.4927e+03	9.2404e-11
7.4951e+03	1.1770e-10
7.4976e+03	9.7559e-11
7.5000e+03	1.1265e-10
7.5024e+03	1.1270e-10
7.5049e+03	7.8607e-11
7.5073e+03	7.6992e-11
7.5098e+03	1.0975e-10
7.5122e+03	1.1620e-10
7.5146e+03	1.1040e-10
7.5171e+03	8.6875e-11
7.5195e+03	1.1011e-10
7.5220e+03	1.0862e-10
7.5244e+03	9.0524e-11
7.5269e+03	7.6506e-11
7.5293e+03	8.6412e-11
7.5317e+03	1.0135e-10
7.5342e+03	1.0803e-10
7.5366e+03	1.0742e-10
7.5391e+03	1.1051e-10
7.5415e+03	1.0969e-10
7.5439e+03	8.7873e-11
7.5464e+03	7.9841e-11
7.5488e+03	7.4884e-11
7.5513e+03	6.6953e-11
7.5537e+03	9.1874e-11
7.5562e+03	1.3074e-10
7.5586e+03	1.1496e-10
7.5610e+03	8.1582e-11
7.5635e+03	8.4985e-11
7.5659e+03	6.6231e-11
7.5684e+03	8.0186e-11
7.5708e+03	1.1604e-10
7.5732e+03	1.2047e-10
7.5757e+03	9.7121e-11
7.5781e+03	1.0128e-10
7.5806e+03	9.8624e-11
7.5830e+03	8.5647e-11
7.5854e+03	8.5959e-11
7.5879e+03	8.7082e-11
7.5903e+03	8.0112e-11
7.5928e+03	8.5533e-11
7.5952e+03	8.4099e-11
7.5977e+03	8.8604e-11
7.6001e+03	1.0563e-10
7.6025e+03	1.1328e-10
7.6050e+03	1.0995e-10
7.6074e+03	7.7462e-11
7.6099e+03	8.0295e-11
7.6123e+03	9.5015e-11
7.6147e+03	7.8484e-11
7.6172e+03	8.3982e-11
7.6196e+03	9.6056e-11
7.6221e+03	1.1520e-10
7.6245e+03	1.2254e-10
7.6270e+03	1.4324e-10
7.6294e+03	1.3792e-10
7.6318e+03	9.9650e-11
7.6343e+03	8.5527e-11
7.6367e+03	7.5139e-11
7.6392e+03	8.6995e-11
7.6416e+03	8.2775e-11
7.6440e+03	6.5573e-11
7.6465e+03	7.6893e-11
7.6489e+03	9.9441e-11
7.6514e+03	1.3845e-10
7.6538e+03	1.4783e-10
7.6562e+03	1.0923e-10
7.6587e+03	9.7717e-11
7.6611e+03	9.1455e-11
7.6636e+03	1.1072e-10
7.6660e+03	1.1559e-10
7.6685e+03	1.0184e-10
7.6709e+03	8.5160e-11
7.6733e+03	9.0697e-11
7.6758e+03	1.1764e-10
7.6782e+03	1.0837e-10
7.6807e+03	1.0194e-10
7.6831e+03	1.1181e-10
7.6855e+03	9.0404e-11
7.6880e+03	1.0243e-10
7.6904e+03	1.3159e-10
7.6929e+03	1.1144e-10
7.6953e+03	1.1516e-10
7.6978e+03	9.8032e-11
7.7002e+03	9.9315e-11
7.7026e+03	9.7552e-11
7.7051e+03	9.6707e-11
7.7075e+03	1.0036e-10
7.7100e+03	8.9170e-11
7.7124e+03	1.0491e-10
7.7148e+03	1.2054e-10
7.7173e+03	9.9106e-11
7.7197e+03	8.2833e-11
7.7222e+03	8.6764e-11
7.7246e+03	9.5697e-11
7.7271e+03	8.0678e-11
7.7295e+03	1.1063e-10
7.7319e+03	1.0406e-10
7.7344e+03	1.0138e-10
7.7368e+03	1.0109e-10
7.7393e+03	8.5760e-11
7.7417e+03	9.6603e-11
7.7441e+03	1.0109e-10
7.7466e+03	1.1089e-10
7.7490e+03	1.2706e-10
7.7515e+03	1.2631e-10
7.7539e+03	8.8097e-11
7.7563e+03	9.0458e-11
7.7588e+03	9.2478e-11
7.7612e+03	1.1077e-10
7.7637e+03	1.1255e-10
7.7661e+03	9.1511e-11
7.7686e+03	1.0300e-10
7.7710e+03	1.0198e-10
7.7734e+03	8.7713e-11
7.7759e+03	8.5602e-11
7.7783e+03	8.2666e-11
7.7808e+03	9.2420e-11
7.7832e+03	9.0515e-11
7.7856e+03	8.7594e-11
7.7881e+03	8.8298e-11
7.7905e+03	7.6035e-11
7.7930e+03	7.7226e-11
7.7954e+03	1.0648e-10
7.7979e+03	1.0343e-10
7.8003e+03	8.8963e-11
7.8027e+03	1.0598e-10
7.8052e+03	9.6210e-11
7.8076e+03	9.3371e-11
7.8101e+03	1.0479e-10
7.8125e+03	8.5231e-11
7.8149e+03	8.2995e-11
7.8174e+03	7.2598e-11
7.8198e+03	7.0225e-11
7.8223e+03	1.0577e-10
7.8247e+03	1.0886e-10
7.8271e+03	1.1081e-10
7.8296e+03	1.2133e-10
7.8320e+03	1.1734e-10
7.8345e+03	9.6572e-11
7.8369e+03	7.5368e-11
7.8394e+03	7.6213e-11
7.8418e+03	7.9508e-11
7.8442e+03	8.7919e-11
7.8467e+03	8.4408e-11
7.8491e+03	1.0922e-10
7.8516e+03	9.8606e-11
7.8540e+03	9.6221e-11
7.8564e+03	9.6431e-11
7.8589e+03	8.9552e-11
7.8613e+03	8.7168e-11
7.8638e+03	8.8435e-11
7.8662e+03	9.7498e-11
7.8687e+03	1.2437e-10
7.8711e+03	1.0420e-10
7.8735e+03	9.0698e-11
7.8760e+03	8.7130e-11
7.8784e+03	9.3451e-11
7.8809e+03	9.6800e-11
7.8833e+03	9.6406e-11
7.8857e+03	9.1560e-11
7.8882e+03	1.0518e-10
7.8906e+03	8.8257e-11
7.8931e+03	9.5361e-11
7.8955e+03	1.3835e-10
7.8979e+03	1.5624e-10
7.9004e+03	1.2605e-10
7.9028e+03	1.2274e-10
7.9053e+03	1.1469e-10
7.9077e+03	9.4869e-11
7.9102e+03	8.6872e-11
7.9126e+03	9.5914e-11
7.9150e+03	1.2861e-10
7.9175e+03	1.1092e-10
7.9199e+03	9.5178e-11
7.9224e+03	9.7215e-11
7.9248e+03	7.1203e-11
7.9272e+03	8.3184e-11
7.9297e+03	1.0239e-10
7.9321e+03	9.3950e-11
7.9346e+03	8.9438e-11
7.9370e+03	9.4671e-11
7.9395e+03	9.8717e-11
7.9419e+03	1.2512e-10
7.9443e+03	1.3597e-10
7.9468e+03	1.2298e-10
7.9492e+03	8.8744e-11
7.9517e+03	7.7166e-11
7.9541e+03	8.5111e-11
7.9565e+03	1.1202e-10
7.9590e+03	1.1091e-10
7.9614e+03	1.2210e-10
7.9639e+03	1.2231e-10
7.9663e+03	9.4456e-11
7.9688e+03	9.1934e-11
7.9712e+03	9.0114e-11
7.9736e+03	8.0936e-11
7.9761e+03	7.7585e-11
7.9785e+03	1.0195e-10
7.9810e+03	9.6470e-11
7.9834e+03	7.9422e-11
7.9858e+03	1.0258e-10
7.9883e+03	1.0067e-10
7.9907e+03	9.9386e-11
7.9932e+03	8.6535e-11
7.9956e+03	1.0385e-10
7.9980e+03	1.0201e-10
8.0005e+03	1.0985e-10
8.0029e+03	1.1381e-10
8.0054e+03	1.1655e-10
8.0078e+03	1.0289e-10
8.0103e+03	1.2364e-10
8.0127e+03	1.0235e-10
8.0151e+03	1.1920e-10
8.0176e+03	1.1573e-10
8.0200e+03	9.5306e-11
8.0225e+03	1.1080e-10
8.0249e+03	9.5434e-11
8.0273e+03	7.1784e-11
8.0298e+03	1.0435e-10
8.0322e+03	1.1625e-10
8.0347e+03	8.9406e-11
8.0371e+03	9.2915e-11
8.0396e+03	9.5334e-11
8.0420e+03	8.8712e-11
8.0444e+03	8.8451e-11
8.0469e+03	9.4377e-11
8.0493e+03	8.9639e-11
8.0518e+03	9.7135e-11
8.0542e+03	1.0817e-10
8.0566e+03	1.0765e-10
8.0591e+03	1.0099e-10
8.0615e+03	1.1599e-10
8.0640e+03	1.1634e-10
8.0664e+03	9.3971e-11
8.0688e+03	8.3288e-11
8.0713e+03	7.5750e-11
8.0737e+03	8.5726e-11
8.0762e+03	9.6242e-11
8.0786e+03	1.0206e-10
8.0811e+03	1.1212e-10
8.0835e+03	1.0359e-10
8.0859e+03	9.8051e-11
8.0884e+03	9.2156e-11
8.0908e+03	1.0365e-10
8.0933e+03	1.0969e-10
8.0957e+03	1.0070e-10
8.0981e+03	9.6322e-11
8.1006e+03	9.2328e-11
8.1030e+03	8.9472e-11
8.1055e+03	9.0107e-11
8.1079e+03	7.7384e-11
8.1104e+03	8.6327e-11
8.1128e+03	9.1773e-11
8.1152e+03	9.6928e-11
8.1177e+03	9.7265e-11
8.1201e+03	7.4148e-11
8.1226e+03	8.3191e-11
8.1250e+03	1.1426e-10
8.1274e+03	9.4878e-11
8.1299e+03	1.0608e-10
8.1323e+03	8.2915e-11
8.1348e+03	7.8824e-11
8.1372e+03	1.0726e-10
8.1396e+03	9.6020e-11
8.1421e+03	9.8496e-11
8.1445e+03	8.7622e-11
8.1470e+03	9.3335e-11
8.1494e+03	9.1020e-11
8.1519e+03	8.9936e-11
8.1543e+03	1.1010e-10
8.1567e+03	1.0896e-10
8.1592e+03	8.8637e-11
8.1616e+03	8.0840e-11
8.1641e+03	7.8180e-11
8.1665e+03	9.4115e-11
8.1689e+03	9.4412e-11
8.1714e+03	9.0699e-11
8.1738e+03	9.9104e-11
8.1763e+03	1.1854e-10
8.1787e+03	1.0742e-10
8.1812e+03	1.1035e-10
8.1836e+03	9.9615e-11
8.1860e+03	9.3407e-11
8.1885e+03	9.5058e-11
8.1909e+03	9.7708e-11
8.1934e+03	8.0095e-11
8.1958e+03	6.6346e-11
8.1982e+03	8.3388e-11
8.2007e+03	7.5613e-11
8.2031e+03	7.8911e-11
8.2056e+03	9.1522e-11
8.2080e+03	1.0248e-10
8.2104e+03	1.1325e-10
8.2129e+03	9.5073e-11
8.2153e+03	1.0866e-10
8.2178e+03	1.0792e-10
8.2202e+03	9.9179e-11
8.2227e+03	1.0233e-10
8.2251e+03	9.6396e-11
8.2275e+03	1.0150e-10
8.2300e+03	8.9874e-11
8.2324e+03	9.0155e-11
8.2349e+03	8.1506e-11
8.2373e+03	9.9561e-11
8.2397e+03	1.1547e-10
8.2422e+03	1.1926e-10
8.2446e+03	1.1008e-10
8.2471e+03	1.0454e-10
8.2495e+03	9.4828e-11
8.2520e+03	7.3191e-11
8.2544e+03	7.6353e-11
8.2568e+03	9.5570e-11
8.2593e+03	8.9069e-11
8.2617e+03	8.3309e-11
8.2642e+03	8.6767e-11
8.2666e+03	1.2243e-10
8.2690e+03	1.0927e-10
8.2715e+03	1.0036e-10
8.2739e+03	1.0876e-10
8.2764e+03	9.1853e-11
8.2788e+03	1.0252e-10
8.2812e+03	8.0009e-11
8.2837e+03	7.5905e-11
8.2861e+03	9.5850e-11
8.2886e+03	1.0687e-10
8.2910e+03	8.7925e-11
8.2935e+03	8.8416e-11
8.2959e+03	9.3115e-11
8.2983e+03	1.1635e-10
8.3008e+03	1.1660e-10
8.3032e+03	1.0907e-10
8.3057e+03	1.0161e-10
8.3081e+03	8.4115e-11
8.3105e+03	7.9422e-11
8.3130e+03	1.0450e-10
8.3154e+03	9.7841e-11
8.3179e+03	9.5283e-11
8.3203e+03	1.0825e-10
8.3228e+03	9.5913e-11
8.3252e+03	1.0915e-10
8.3276e+03	9.5676e-11
8.3301e+03	9.8846e-11
8.3325e+03	9.6626e-11
8.3350e+03	9.7025e-11
8.3374e+03	1.0213e-10
8.3398e+03	1.1125e-10
8.3423e+03	8.6881e-11
8.3447e+03	8.4322e-11
8.3472e+03	8.7282e-11
8.3496e+03	6.9735e-11
8.3521e+03	7.5164e-11
8.3545e+03	9.8475e-11
8.3569e+03	7.2403e-11
8.3594e+03	7.4355e-11
8.3618e+03	9.4293e-11
8.3643e+03	1.1736e-10
8.3667e+03	1.0731e-10
8.3691e+03	1.0257e-10
8.3716e+03	1.1839e-10
8.3740e+03	1.0780e-10
8.3765e+03	9.3624e-11
8.3789e+03	9.8368e-11
8.3813e+03	1.0503e-10
8.3838e+03	1.1956e-10
8.3862e+03	8.5739e-11
8.3887e+03	8.3567e-11
8.3911e+03	8.0376e-11
8.3936e+03	9.2386e-11
8.3960e+03	1.1406e-10
8.3984e+03	9.8942e-11
8.4009e+03	9.3848e-11
8.4033e+03	8.8878e-11
8.4058e+03	7.8592e-11
8.4082e+03	9.6935e-11
8.4106e+03	9.2438e-11
8.4131e+03	9.9579e-11
8.4155e+03	9.5773e-11
8.4180e+03	1.1161e-10
8.4204e+03	1.0842e-10
8.4229e+03	1.0369e-10
8.4253e+03	1.2286e-10
8.4277e+03	1.0583e-10
8.4302e+03	1.0679e-10
8.4326e+03	1.0523e-10
8.4351e+03	1.0195e-10
8.4375e+03	9.6960e-11
8.4399e+03	1.1569e-10
8.4424e+03	1.2734e-10
8.4448e+03	1.3885e-10
8.4473e+03	8.6528e-11
8.4497e+03	7.8485e-11
8.4521e+03	9.9485e-11
8.4546e+03	1.0261e-10
8.4570e+03	8.0516e-11
8.4595e+03	7.3458e-11
8.4619e+03	7.6149e-11
8.4644e+03	8.8893e-11
8.4668e+03	1.0872e-10
8.4692e+03	1.0215e-10
8.4717e+03	8.9149e-11
8.4741e+03	8.9821e-11
8.4766e+03	7.7988e-11
8.4790e+03	8.2258e-11
8.4814e+03	1.0994e-10
8.4839e+03	1.0700e-10
8.4863e+03	1.0303e-10
8.4888e+03	9.7047e-11
8.4912e+03	7.0029e-11
8.4937e+03	8.0439e-11
8.4961e+03	1.1182e-10
8.4985e+03	1.3074e-10
8.5010e+03	1.1353e-10
8.5034e+03	9.3643e-11
8.5059e+03	8.5267e-11
8.5083e+03	1.0064e-10
8.5107e+03	8.4619e-11
8.5132e+03	8.6610e-11
8.5156e+03	8.4005e-11
8.5181e+03	9.6377e-11
8.5205e+03	9.0759e-11
8.5229e+03	8.3232e-11
8.5254e+03	1.0825e-10
8.5278e+03	1.2261e-10
8.5303e+03	1.1567e-10
8.5327e+03	1.1435e-10
8.5352e+03	9.4786e-11
8.5376e+03	9.4561e-11
8.5400e+03	8.9178e-11
8.5425e+03	9.4873e-11
8.5449e+03	1.0900e-10
8.5474e+03	1.0585e-10
8.5498e+03	1.0070e-10
8.5522e+03	1.0158e-10
8.5547e+03	1.0599e-10
8.5571e+03	9.1434e-11
8.5596e+03	8.2101e-11
8.5620e+03	8.7504e-11
8.5645e+03	1.3452e-10
8.5669e+03	1.1280e-10
8.5693e+03	7.2611e-11
8.5718e+03	7.9965e-11
8.5742e+03	9.3393e-11
8.5767e+03	1.1583e-10
8.5791e+03	1.0325e-10
8.5815e+03	8.5699e-11
8.5840e+03	5.4688e-11
8.5864e+03	7.9641e-11
8.5889e+03	1.0436e-10
8.5913e+03	1.1402e-10
8.5938e+03	1.2354e-10
8.5962e+03	8.7173e-11
8.5986e+03	8.7203e-11
8.6011e+03	7.1274e-11
8.6035e+03	7.3517e-11
8.6060e+03	8.5410e-11
8.6084e+03	7.4978e-11
8.6108e+03	8.1341e-11
8.6133e+03	8.7717e-11
8.6157e+03	1.0886e-10
8.6182e+03	1.0707e-10
8.6206e+03	9.9951e-11
8.6230e+03	1.0803e-10
8.6255e+03	1.0844e-10
8.6279e+03	1.0021e-10
8.6304e+03	8.2889e-11
8.6328e+03	1.0026e-10
8.6353e+03	8.4612e-11
8.6377e+03	9.2016e-11
8.6401e+03	7.9761e-11
8.6426e+03	6.9577e-11
8.6450e+03	7.6619e-11
8.6475e+03	8.9457e-11
8.6499e+03	1.0542e-10
8.6523e+03	7.3379e-11
8.6548e+03	6.6810e-11
8.6572e+03	7.7555e-11
8.6597e+03	7.5852e-11
8.6621e+03	8.5952e-11
8.6646e+03	9.3671e-11
8.6670e+03	8.5703e-11
8.6694e+03	9.7489e-11
8.6719e+03	1.0798e-10
8.6743e+03	1.0914e-10
8.6768e+03	1.0842e-10
8.6792e+03	9.0791e-11
8.6816e+03	9.1007e-11
8.6841e+03	8.2304e-11
8.6865e+03	8.5554e-11
8.6890e+03	9.9289e-11
8.6914e+03	8.6584e-11
8.6938e+03	7.8142e-11
8.6963e+03	9.6465e-11
8.6987e+03	1.1011e-10
8.7012e+03	9.1853e-11
8.7036e+03	9.8401e-11
8.7061e+03	1.1161e-10
8.7085e+03	8.7111e-11
8.7109e+03	8.5151e-11
8.7134e+03	1.0192e-10
8.7158e+03	1.0360e-10
8.7183e+03	9.9875e-11
8.7207e+03	1.0926e-10
8.7231e+03	8.5113e-11
8.7256e+03	9.6695e-11
8.7280e+03	7.8006e-11
8.7305e+03	7.1781e-11
8.7329e+03	9.2693e-11
8.7354e+03	1.0678e-10
8.7378e+03	9.5156e-11
8.7402e+03	9.3591e-11
8.7427e+03	7.1573e-11
8.7451e+03	8.8224e-11
8.7476e+03	9.2790e-11
8.7500e+03	1.0601e-10
8.7524e+03	1.0876e-10
8.7549e+03	1.1468e-10
8.7573e+03	1.0196e-10
8.7598e+03	9.6406e-11
8.7622e+03	1.0541e-10
8.7646e+03	1.0303e-10
8.7671e+03	1.2120e-10
8.7695e+03	9.7895e-11
8.7720e+03	7.2395e-11
8.7744e+03	7.7406e-11
8.7769e+03	7.4456e-11
8.7793e+03	8.0577e-11
8.7817e+03	8.1894e-11
8.7842e+03	9.0244e-11
8.7866e+03	1.1406e-10
8.7891e+03	9.6690e-11
8.7915e+03	7.4706e-11
8.7939e+03	9.8333e-11
8.7964e+03	1.0279e-10
8.7988e+03	9.4027e-11
8.8013e+03	9.9445e-11
8.8037e+03	1.1405e-10
8.8062e+03	1.0633e-10
8.8086e+03	1.1065e-10
8.8110e+03	1.0929e-10
8.8135e+03	1.0788e-10
8.8159e+03	8.6268e-11
8.8184e+03	7.7177e-11
8.8208e+03	8.7334e-11
8.8232e+03	9.1312e-11
8.8257e+03	9.5530e-11
8.8281e+03	8.3016e-11
8.8306e+03	1.1562e-10
8.8330e+03	1.1543e-10
8.8354e+03	7.5342e-11
8.8379e+03	9.0875e-11
8.8403e+03	9.3544e-11
8.8428e+03	7.9074e-11
8.8452e+03	1.0296e-10
8.8477e+03	1.2961e-10
8.8501e+03	1.1546e-10
8.8525e+03	1.2113e-10
8.8550e+03	1.5466e-10
8.8574e+03	1.2679e-10
8.8599e+03	8.7503e-11
8.8623e+03	9.3958e-11
8.8647e+03	1.0926e-10
8.8672e+03	8.9977e-11
8.8696e+03	9.8280e-11
8.8721e+03	1.2450e-10
8.8745e+03	1.1893e-10
8.8770e+03	1.0611e-10
8.8794e+03	1.4268e-10
8.8818e+03	1.2767e-10
8.8843e+03	1.2086e-10
8.8867e+03	1.1744e-10
8.8892e+03	1.1802e-10
8.8916e+03	1.2945e-10
8.8940e+03	1.2004e-10
8.8965e+03	1.1295e-10
8.8989e+03	1.0205e-10
8.9014e+03	8.7777e-11
8.9038e+03	8.3676e-11
8.9062e+03	8.2370e-11
8.9087e+03	7.5488e-11
8.9111e+03	7.6394e-11
8.9136e+03	8.7067e-11
8.9160e+03	1.0004e-10
8.9185e+03	9.3252e-11
8.9209e+03	9.3641e-11
8.9233e+03	1.1128e-10
8.9258e+03	9.3412e-11
8.9282e+03	9.8540e-11
8.9307e+03	9.8487e-11
8.9331e+03	9.9151e-11
8.9355e+03	6.6924e-11
8.9380e+03	6.5543e-11
8.9404e+03	7.0641e-11
8.9429e+03	1.1107e-10
8.9453e+03	1.2383e-10
8.9478e+03	9.3024e-11
8.9502e+03	9.1665e-11
8.9526e+03	9.3697e-11
8.9551e+03	7.4316e-11
8.9575e+03	7.2068e-11
8.9600e+03	7.7854e-11
8.9624e+03	8.9633e-11
8.9648e+03	1.1140e-10
8.9673e+03	8.6856e-11
8.9697e+03	8.8111e-11
8.9722e+03	9.6037e-11
8.9746e+03	8.9648e-11
8.9771e+03	8.7337e-11
8.9795e+03	1.0078e-10
8.9819e+03	9.2445e-11
8.9844e+03	1.0797e-10
8.9868e+03	1.1604e-10
8.9893e+03	1.0022e-10
8.9917e+03	1.0032e-10
8.9941e+03	1.0961e-10
8.9966e+03	1.0171e-10
8.9990e+03	8.6967e-11
9.0015e+03	7.9741e-11
9.0039e+03	9.1738e-11
9.0063e+03	9.5285e-11
9.0088e+03	8.8228e-11
9.0112e+03	1.1636e-10
9.0137e+03	1.1979e-10
9.0161e+03	1.0304e-10
9.0186e+03	8.9266e-11
9.0210e+03	1.2350e-10
9.0234e+03	1.0566e-10
9.0259e+03	9.2202e-11
9.0283e+03	1.0832e-10
9.0308e+03	9.9144e-11
9.0332e+03	9.9831e-11
9.0356e+03	1.0768e-10
9.0381e+03	1.1440e-10
9.0405e+03	1.0100e-10
9.0430e+03	1.1059e-10
9.0454e+03	1.0805e-10
9.0479e+03	9.1154e-11
9.0503e+03	9.1214e-11
9.0527e+03	8.3156e-11
9.0552e+03	1.0563e-10
9.0576e+03	1.2229e-10
9.0601e+03	1.1630e-10
9.0625e+03	1.1737e-10
9.0649e+03	1.1389e-10
9.0674e+03	9.5767e-11
9.0698e+03	8.8010e-11
9.0723e+03	8.4852e-11
9.0747e+03	8.0614e-11
9.0771e+03	8.0224e-11
9.0796e+03	9.6474e-11
9.0820e+03	1.1599e-10
9.0845e+03	9.3770e-11
9.0869e+03	9.5701e-11
9.0894e+03	8.1693e-11
9.0918e+03	8.0914e-11
9.0942e+03	7.8940e-11
9.0967e+03	1.0043e-10
9.0991e+03	9.8504e-11
9.1016e+03	9.6095e-11
9.1040e+03	1.0508e-10
9.1064e+03	8.8379e-11
9.1089e+03	9.5084e-11
9.1113e+03	1.2517e-10
9.1138e+03	1.0172e-10
9.1162e+03	1.0389e-10
9.1187e+03	1.1364e-10
9.1211e+03	1.1898e-10
9.1235e+03	1.1557e-10
9.1260e+03	9.6978e-11
9.1284e+03	8.9013e-11
9.1309e+03	8.1967e-11
9.1333e+03	8.8294e-11
9.1357e+03	1.0399e-10
9.1382e+03	8.7790e-11
9.1406e+03	8.9073e-11
9.1431e+03	9.1552e-11
9.1455e+03	9.0483e-11
9.1479e+03	9.2421e-11
9.1504e+03	8.2392e-11
9.1528e+03	9.4149e-11
9.1553e+03	1.0550e-10
9.1577e+03	1.1045e-10
9.1602e+03	9.8358e-11
9.1626e+03	9.7075e-11
9.1650e+03	8.5711e-11
9.1675e+03	1.1026e-10
9.1699e+03	1.2235e-10
9.1724e+03	1.1267e-10
9.1748e+03	1.0912e-10
9.1772e+03	9.9454e-11
9.1797e+03	9.4597e-11
9.1821e+03	8.6842e-11
9.1846e+03	8.3625e-11
9.1870e+03	1.0768e-10
9.1895e+03	1.0653e-10
9.1919e+03	8.9213e-11
9.1943e+03	9.4511e-11
9.1968e+03	8.8193e-11
9.1992e+03	9.7371e-11
9.2017e+03	9.1990e-11
9.2041e+03	1.0793e-10
9.2065e+03	1.2165e-10
9.2090e+03	9.2740e-11
9.2114e+03	1.0045e-10
9.2139e+03	1.2397e-10
9.2163e+03	1.0243e-10
9.2188e+03	1.2987e-10
9.2212e+03	1.0836e-10
9.2236e+03	1.0810e-10
9.2261e+03	1.0097e-10
9.2285e+03	1.1106e-10
9.2310e+03	1.0932e-10
9.2334e+03	9.4204e-11
9.2358e+03	9.5371e-11
9.2383e+03	8.4932e-11
9.2407e+03	8.8231e-11
9.2432e+03	9.5006e-11
9.2456e+03	8.3525e-11
9.2480e+03	7.4850e-11
9.2505e+03	8.6946e-11
9.2529e+03	1.0402e-10
9.2554e+03	1.1467e-10
9.2578e+03	1.2322e-10
9.2603e+03	9.8141e-11
9.2627e+03	1.0142e-10
9.2651e+03	7.7092e-11
9.2676e+03	7.4265e-11
9.2700e+03	1.1037e-10
9.2725e+03	1.1857e-10
9.2749e+03	1.1532e-10
9.2773e+03	9.6702e-11
9.2798e+03	1.0157e-10
9.2822e+03	9.3802e-11
9.2847e+03	1.1250e-10
9.2871e+03	1.1506e-10
9.2896e+03	9.8656e-11
9.2920e+03	9.7636e-11
9.2944e+03	9.0877e-11
9.2969e+03	1.0820e-10
9.2993e+03	1.0205e-10
9.3018e+03	8.1520e-11
9.3042e+03	8.9778e-11
9.3066e+03	8.6535e-11
9.3091e+03	1.1240e-10
9.3115e+03	1.1045e-10
9.3140e+03	1.0133e-10
9.3164e+03	8.8503e-11
9.3188e+03	9.8396e-11
9.3213e+03	7.9329e-11
9.3237e+03	7.2735e-11
9.3262e+03	7.9311e-11
9.3286e+03	1.0858e-10
9.3311e+03	1.1195e-10
9.3335e+03	8.2337e-11
9.3359e+03	8.1131e-11
9.3384e+03	8.1154e-11
9.3408e+03	7.5454e-11
9.3433e+03	8.1333e-11
9.3457e+03	1.1433e-10
9.3481e+03	1.1734e-10
9.3506e+03	9.9585e-11
9.3530e+03	9.4473e-11
9.3555e+03	8.6520e-11
9.3579e+03	7.4572e-11
9.3604e+03	8.4956e-11
9.3628e+03	9.3987e-11
9.3652e+03	8.6230e-11
9.3677e+03	8.5138e-11
9.3701e+03	7.8795e-11
9.3726e+03	8.9826e-11
9.3750e+03	9.7645e-11
9.3774e+03	8.1899e-11
9.3799e+03	8.8500e-11
9.3823e+03	1.0284e-10
9.3848e+03	9.7681e-11
9.3872e+03	9.0992e-11
9.3896e+03	1.3148e-10
9.3921e+03	1.1137e-10
9.3945e+03	9.3850e-11
9.3970e+03	1.1370e-10
9.3994e+03	1.1026e-10
9.4019e+03	1.1951e-10
9.4043e+03	1.1360e-10
9.4067e+03	8.4498e-11
9.4092e+03	9.7288e-11
9.4116e+03	8.2374e-11
9.4141e+03	7.5530e-11
9.4165e+03	1.1675e-10
9.4189e+03	1.2153e-10
9.4214e+03	1.3241e-10
9.4238e+03	1.2552e-10
9.4263e+03	1.0968e-10
9.4287e+03	1.1727e-10
9.4312e+03	1.0670e-10
9.4336e+03	8.4789e-11
9.4360e+03	7.1169e-11
9.4385e+03	9.0930e-11
9.4409e+03	1.2502e-10
9.4434e+03	1.2673e-10
9.4458e+03	1.0299e-10
9.4482e+03	8.5328e-11
9.4507e+03	8.0597e-11
9.4531e+03	8.8908e-11
9.4556e+03	1.1241e-10
9.4580e+03	8.4156e-11
9.4604e+03	9.1070e-11
9.4629e+03	1.0694e-10
9.4653e+03	9.1976e-11
9.4678e+03	7.0767e-11
9.4702e+03	8.9732e-11
9.4727e+03	9.7014e-11
9.4751e+03	9.2307e-11
9.4775e+03	8.8307e-11
9.4800e+03	7.6705e-11
9.4824e+03	7.7243e-11
9.4849e+03	1.2370e-10
9.4873e+03	1.0549e-10
9.4897e+03	9.4666e-11
9.4922e+03	9.2380e-11
9.4946e+03	1.1025e-10
9.4971e+03	1.1592e-10
9.4995e+03	1.0560e-10
9.5020e+03	9.0121e-11
9.5044e+03	9.0664e-11
9.5068e+03	1.0191e-10
9.5093e+03	1.2566e-10
9.5117e+03	1.2309e-10
9.5142e+03	1.3323e-10
9.5166e+03	1.0184e-10
9.5190e+03	1.0626e-10
9.5215e+03	8.2126e-11
9.5239e+03	7.0210e-11
9.5264e+03	1.0384e-10
9.5288e+03	8.8270e-11
9.5312e+03	7.8699e-11
9.5337e+03	8.4024e-11
9.5361e+03	9.5610e-11
9.5386e+03	1.0139e-10
9.5410e+03	1.2991e-10
9.5435e+03	1.1153e-10
9.5459e+03	1.1412e-10
9.5483e+03	1.0722e-10
9.5508e+03	9.4254e-11
9.5532e+03	1.2314e-10
9.5557e+03	1.1587e-10
9.5581e+03	1.0231e-10
9.5605e+03	9.3974e-11
9.5630e+03	1.0066e-10
9.5654e+03	1.0536e-10
9.5679e+03	7.6468e-11
9.5703e+03	8.7968e-11
9.5728e+03	8.1334e-11
9.5752e+03	8.8107e-11
9.5776e+03	9.3746e-11
9.5801e+03	9.8267e-11
9.5825e+03	8.9407e-11
9.5850e+03	9.1152e-11
9.5874e+03	1.2153e-10
9.5898e+03	1.0848e-10
9.5923e+03	1.0075e-10
9.5947e+03	8.3266e-11
9.5972e+03	8.9419e-11
9.5996e+03	1.0299e-10
9.6021e+03	8.5302e-11
9.6045e+03	7.5446e-11
9.6069e+03	1.0074e-10
9.6094e+03	9.3657e-11
9.6118e+03	1.0118e-10
9.6143e+03	9.2067e-11
9.6167e+03	1.2002e-10
9.6191e+03	1.2952e-10
9.6216e+03	1.1077e-10
9.6240e+03	1.0184e-10
9.6265e+03	1.0273e-10
9.6289e+03	1.1516e-10
9.6313e+03	1.1270e-10
9.6338e+03	9.7033e-11
9.6362e+03	9.8776e-11
9.6387e+03	9.2586e-11
9.6411e+03	9.4645e-11
9.6436e+03	9.6838e-11
9.6460e+03	9.3617e-11
9.6484e+03	1.1044e-10
9.6509e+03	9.4229e-11
9.6533e+03	8.9493e-11
9.6558e+03	8.8011e-11
9.6582e+03	8.6224e-11
9.6606e+03	9.6532e-11
9.6631e+03	1.1464e-10
9.6655e+03	1.0185e-10
9.6680e+03	8.5394e-11
9.6704e+03	9.5236e-11
9.6729e+03	1.0898e-10
9.6753e+03	8.1097e-11
9.6777e+03	8.4247e-11
9.6802e+03	8.6449e-11
9.6826e+03	8.3934e-11
9.6851e+03	9.0334e-11
9.6875e+03	1.0466e-10
9.6899e+03	9.8192e-11
9.6924e+03	9.6743e-11
9.6948e+03	1.1568e-10
9.6973e+03	1.0711e-10
9.6997e+03	9.7245e-11
9.7021e+03	8.3410e-11
9.7046e+03	1.0241e-10
9.7070e+03	8.1761e-11
9.7095e+03	1.1789e-10
9.7119e+03	1.0987e-10
9.7144e+03	9.8486e-11
9.7168e+03	8.7486e-11
9.7192e+03	1.0908e-10
9.7217e+03	1.0080e-10
9.7241e+03	1.1042e-10
9.7266e+03	1.2051e-10
9.7290e+03	9.9066e-11
9.7314e+03	5.8214e-11
9.7339e+03	5.7612e-11
9.7363e+03	8.0727e-11
9.7388e+03	1.0026e-10
9.7412e+03	1.0971e-10
9.7437e+03	9.7114e-11
9.7461e+03	8.7792e-11
9.7485e+03	1.1309e-10
9.7510e+03	1.1199e-10
9.7534e+03	1.0929e-10
9.7559e+03	1.2118e-10
9.7583e+03	1.1721e-10
9.7607e+03	9.4339e-11
9.7632e+03	9.8916e-11
9.7656e+03	1.0395e-10
9.7681e+03	9.0438e-11
9.7705e+03	7.6061e-11
9.7729e+03	7.0335e-11
9.7754e+03	1.1563e-10
9.7778e+03	1.1297e-10
9.7803e+03	9.5751e-11
9.7827e+03	9.2603e-11
9.7852e+03	8.1347e-11
9.7876e+03	8.8811e-11
9.7900e+03	8.4306e-11
9.7925e+03	9.3460e-11
9.7949e+03	1.0029e-10
9.7974e+03	8.3166e-11
9.7998e+03	8.0215e-11
9.8022e+03	9.7113e-11
9.8047e+03	8.8023e-11
9.8071e+03	8.1320e-11
9.8096e+03	7.7564e-11
9.8120e+03	9.5283e-11
9.8145e+03	1.0759e-10
9.8169e+03	1.1093e-10
9.8193e+03	1.1411e-10
9.8218e+03	1.0653e-10
9.8242e+03	7.4798e-11
9.8267e+03	7.8043e-11
9.8291e+03	8.8425e-11
9.8315e+03	9.3620e-11
9.8340e+03	1.0072e-10
9.8364e+03	8.6151e-11
9.8389e+03	7.1124e-11
9.8413e+03	8.2976e-11
9.8438e+03	7.4965e-11
9.8462e+03	1.0033e-10
9.8486e+03	8.6076e-11
9.8511e+03	7.7041e-11
9.8535e+03	9.3228e-11
9.8560e+03	1.0639e-10
9.8584e+03	9.1726e-11
9.8608e+03	8.4381e-11
9.8633e+03	9.5054e-11
9.8657e+03	1.0936e-10
9.8682e+03	1.0347e-10
9.8706e+03	1.0893e-10
9.8730e+03	1.0253e-10
9.8755e+03	9.2112e-11
9.8779e+03	6.8671e-11
9.8804e+03	8.5606e-11
9.8828e+03	9.5348e-11
9.8853e+03	1.2010e-10
9.8877e+03	9.1046e-11
9.8901e+03	9.0697e-11
9.8926e+03	1.0114e-10
9.8950e+03	9.5599e-11
9.8975e+03	8.9516e-11
9.8999e+03	1.1195e-10
9.9023e+03	9.4822e-11
9.9048e+03	8.1204e-11
9.9072e+03	1.0659e-10
9.9097e+03	1.0478e-10
9.9121e+03	9.1984e-11
9.9146e+03	7.5181e-11
9.9170e+03	9.9197e-11
9.9194e+03	1.1203e-10
9.9219e+03	1.1691e-10
9.9243e+03	1.1962e-10
9.9268e+03	1.0922e-10
9.9292e+03	1.1772e-10
9.9316e+03	1.0207e-10
9.9341e+03	9.0575e-11
9.9365e+03	8.5654e-11
9.9390e+03	6.9957e-11
9.9414e+03	1.0298e-10
9.9438e+03	1.1256e-10
9.9463e+03	1.0714e-10
9.9487e+03	1.1891e-10
9.9512e+03	9.7723e-11
9.9536e+03	9.7938e-11
9.9561e+03	9.6822e-11
9.9585e+03	8.4377e-11
9.9609e+03	8.7389e-11
9.9634e+03	1.0823e-10
9.9658e+03	9.2061e-11
9.9683e+03	9.7519e-11
9.9707e+03	9.7237e-11
9.9731e+03	9.1472e-11
9.9756e+03	9.4972e-11
9.9780e+03	9.2176e-11
9.9805e+03	9.7980e-11
9.9829e+03	9.0144e-11
9.9854e+03	9.3408e-11
9.9878e+03	1.1806e-10
9.9902e+03	1.1470e-10
9.9927e+03	1.0431e-10
9.9951e+03	9.3264e-11
9.9976e+03	8.5078e-11
1.0000e+04	3.4638e-11
