0.0000e+00	2.3333e-05
2.4414e+00	1.9952e-05
4.8828e+00	1.5348e-05
7.3242e+00	7.1459e-05
9.7656e+00	1.3588e-03
1.2207e+01	3.9765e-03
1.4648e+01	4.6664e-03
1.7090e+01	3.9954e-03
1.9531e+01	2.8670e-03
2.1973e+01	2.0209e-03
2.4414e+01	1.4021e-03
2.6855e+01	1.4462e-03
2.9297e+01	1.6750e-03
3.1738e+01	1.6120e-03
3.4180e+01	1.4664e-03
3.6621e+01	1.0654e-03
3.9062e+01	1.1039e-03
4.1504e+01	1.3243e-03
4.3945e+01	9.6347e-04
4.6387e+01	1.1103e-03
4.8828e+01	1.1161e-03
5.1270e+01	8.1444e-04
5.3711e+01	1.0334e-03
5.6152e+01	8.5262e-04
5.8594e+01	8.2520e-04
6.1035e+01	9.0704e-04
6.3477e+01	1.0975e-03
6.5918e+01	1.0578e-03
6.8359e+01	1.1142e-03
7.0801e+01	9.4071e-04
7.3242e+01	8.0417e-04
7.5684e+01	9.6218e-04
7.8125e+01	9.4677e-04
8.0566e+01	1.0753e-03
8.3008e+01	1.1409e-03
8.5449e+01	1.2476e-03
8.7891e+01	1.0601e-03
9.0332e+01	1.0465e-03
9.2773e+01	1.1006e-03
9.5215e+01	9.1834e-04
9.7656e+01	1.0583e-03
1.0010e+02	8.1347e-04
1.0254e+02	5.7271e-04
1.0498e+02	8.0442e-04
1.0742e+02	9.3501e-04
1.0986e+02	6.6835e-04
1.1230e+02	7.0305e-04
1.1475e+02	8.0055e-04
1.1719e+02	8.1400e-04
1.1963e+02	7.0641e-04
1.2207e+02	6.2365e-04
1.2451e+02	5.0339e-04
1.2695e+02	5.5116e-04
1.2939e+02	4.4173e-04
1.3184e+02	5.5552e-04
1.3428e+02	5.8686e-04
1.3672e+02	5.1637e-04
1.3916e+02	2.4710e-04
1.4160e+02	1.6773e-05
1.4404e+02	1.1850e-07
1.4648e+02	1.3354e-08
1.4893e+02	3.1067e-09
1.5137e+02	1.1906e-09
1.5381e+02	4.3877e-10
1.5625e+02	3.0571e-10
1.5869e+02	1.6041e-10
1.6113e+02	1.5808e-10
1.6357e+02	1.1978e-10
1.6602e+02	1.0260e-10
1.6846e+02	1.2182e-10
1.7090e+02	1.0405e-10
1.7334e+02	1.3028e-10
1.7578e+02	1.3851e-10
1.7822e+02	1.0262e-10
1.8066e+02	9.8468e-11
1.8311e+02	1.0116e-10
1.8555e+02	1.0735e-10
1.8799e+02	9.7324e-11
1.9043e+02	1.2357e-10
1.9287e+02	1.3732e-10
1.9531e+02	1.2061e-10
1.9775e+02	8.3154e-11
2.0020e+02	9.9807e-11
2.0264e+02	1.1985e-10
2.0508e+02	1.1507e-10
2.0752e+02	1.0321e-10
2.0996e+02	9.4060e-11
2.1240e+02	9.9599e-11
2.1484e+02	8.7205e-11
2.1729e+02	6.0735e-11
2.1973e+02	7.6441e-11
2.2217e+02	9.4304e-11
2.2461e+02	7.8210e-11
2.2705e+02	7.8217e-11
2.2949e+02	9.1515e-11
2.3193e+02	9.1605e-11
2.3438e+02	9.8010e-11
2.3682e+02	8.8096e-11
2.3926e+02	7.3474e-11
2.4170e+02	7.0978e-11
2.4414e+02	8.7246e-11
2.4658e+02	1.3507e-10
2.4902e+02	1.1522e-10
2.5146e+02	8.9745e-11
2.5391e+02	9.7778e-11
2.5635e+02	9.5602e-11
2.5879e+02	9.6712e-11
2.6123e+02	1.1828e-10
2.6367e+02	9.6193e-11
2.6611e+02	8.5115e-11
2.6855e+02	7.8987e-11
2.7100e+02	9.7541e-11
2.7344e+02	1.1692e-10
2.7588e+02	9.5982e-11
2.7832e+02	8.0885e-11
2.8076e+02	9.3899e-11
2.8320e+02	1.0012e-10
2.8564e+02	9.0951e-11
2.8809e+02	6.3587e-11
2.9053e+02	8.1825e-11
2.9297e+02	1.0100e-10
2.9541e+02	8.2294e-11
2.9785e+02	7.2229e-11
3.0029e+02	6.7011e-11
3.0273e+02	7.2628e-11
3.0518e+02	6.1057e-11
3.0762e+02	6.9282e-11
3.1006e+02	9.4934e-11
3.1250e+02	1.1777e-10
3.1494e+02	8.3477e-11
3.1738e+02	8.6371e-11
3.1982e+02	7.6192e-11
3.2227e+02	7.8102e-11
3.2471e+02	1.0872e-10
3.2715e+02	1.0241e-10
3.2959e+02	8.6889e-11
3.3203e+02	8.6424e-11
3.3447e+02	7.6464e-11
3.3691e+02	7.9979e-11
3.3936e+02	9.0060e-11
3.4180e+02	8.0704e-11
3.4424e+02	8.5757e-11
3.4668e+02	1.1575e-10
3.4912e+02	8.1500e-11
3.5156e+02	8.7851e-11
3.5400e+02	9.4840e-11
3.5645e+02	9.8200e-11
3.5889e+02	9.4716e-11
3.6133e+02	9.8763e-11
3.6377e+02	1.2551e-10
3.6621e+02	1.3045e-10
3.6865e+02	1.0995e-10
3.7109e+02	1.1127e-10
3.7354e+02	9.6508e-11
3.7598e+02	9.1630e-11
3.7842e+02	9.0283e-11
3.8086e+02	8.6137e-11
3.8330e+02	7.9536e-11
3.8574e+02	9.5346e-11
3.8818e+02	1.0198e-10
3.9062e+02	1.1284e-10
3.9307e+02	1.1888e-10
3.9551e+02	7.5630e-11
3.9795e+02	8.5127e-11
4.0039e+02	6.3979e-11
4.0283e+02	7.1665e-11
4.0527e+02	8.7877e-11
4.0771e+02	8.7801e-11
4.1016e+02	1.0289e-10
4.1260e+02	8.3357e-11
4.1504e+02	9.1741e-11
4.1748e+02	9.9132e-11
4.1992e+02	9.8876e-11
4.2236e+02	1.0333e-10
4.2480e+02	9.3727e-11
4.2725e+02	5.9650e-11
4.2969e+02	4.9010e-11
4.3213e+02	6.8158e-11
4.3457e+02	1.0094e-10
4.3701e+02	8.8872e-11
4.3945e+02	8.8456e-11
4.4189e+02	9.6831e-11
4.4434e+02	9.5466e-11
4.4678e+02	9.0546e-11
4.4922e+02	1.0868e-10
4.5166e+02	9.3424e-11
4.5410e+02	7.0138e-11
4.5654e+02	9.1729e-11
4.5898e+02	8.3569e-11
4.6143e+02	8.6919e-11
4.6387e+02	9.5692e-11
4.6631e+02	8.3120e-11
4.6875e+02	7.2136e-11
4.7119e+02	8.4903e-11
4.7363e+02	8.9026e-11
4.7607e+02	7.4060e-11
4.7852e+02	8.5783e-11
4.8096e+02	8.1654e-11
4.8340e+02	1.1226e-10
4.8584e+02	1.1788e-10
4.8828e+02	1.0765e-10
4.9072e+02	6.4308e-11
4.9316e+02	7.6659e-11
4.9561e+02	1.0277e-10
4.9805e+02	1.0297e-10
5.0049e+02	1.0247e-10
5.0293e+02	7.8827e-11
5.0537e+02	8.1732e-11
5.0781e+02	8.3258e-11
5.1025e+02	8.7844e-11
5.1270e+02	6.7028e-11
5.1514e+02	6.7364e-11
5.1758e+02	7.2874e-11
5.2002e+02	9.0578e-11
5.2246e+02	8.1689e-11
5.2490e+02	8.4719e-11
5.2734e+02	9.1790e-11
5.2979e+02	7.5826e-11
5.3223e+02	8.4691e-11
5.3467e+02	8.0082e-11
5.3711e+02	6.8024e-11
5.3955e+02	8.0211e-11
5.4199e+02	8.6662e-11
5.4443e+02	9.8873e-11
5.4688e+02	9.0946e-11
5.4932e+02	7.8378e-11
5.5176e+02	7.2122e-11
5.5420e+02	8.0785e-11
5.5664e+02	6.6612e-11
5.5908e+02	7.4699e-11
5.6152e+02	9.6936e-11
5.6396e+02	8.1092e-11
5.6641e+02	7.0902e-11
5.6885e+02	6.2168e-11
5.7129e+02	6.2394e-11
5.7373e+02	7.2114e-11
5.7617e+02	6.3197e-11
5.7861e+02	6.7374e-11
5.8105e+02	6.8753e-11
5.8350e+02	9.1617e-11
5.8594e+02	8.6842e-11
5.8838e+02	6.9468e-11
5.9082e+02	6.1778e-11
5.9326e+02	6.5979e-11
5.9570e+02	6.7373e-11
5.9814e+02	7.0130e-11
6.0059e+02	7.3426e-11
6.0303e+02	6.5455e-11
6.0547e+02	5.7005e-11
6.0791e+02	6.9372e-11
6.1035e+02	6.9406e-11
6.1279e+02	7.1776e-11
6.1523e+02	7.7347e-11
6.1768e+02	5.7930e-11
6.2012e+02	6.8853e-11
6.2256e+02	7.2210e-11
6.2500e+02	5.7850e-11
6.2744e+02	6.6835e-11
6.2988e+02	6.9207e-11
6.3232e+02	5.5061e-11
6.3477e+02	5.4216e-11
6.3721e+02	7.0570e-11
6.3965e+02	8.6300e-11
6.4209e+02	9.0958e-11
6.4453e+02	6.4300e-11
6.4697e+02	4.4998e-11
6.4941e+02	5.2161e-11
6.5186e+02	6.4422e-11
6.5430e+02	6.4562e-11
6.5674e+02	6.8577e-11
6.5918e+02	7.9486e-11
6.6162e+02	7.1684e-11
6.6406e+02	7.7644e-11
6.6650e+02	5.9661e-11
6.6895e+02	6.0659e-11
6.7139e+02	5.3691e-11
6.7383e+02	5.6096e-11
6.7627e+02	5.8451e-11
6.7871e+02	6.1015e-11
6.8115e+02	5.6542e-11
6.8359e+02	5.6761e-11
6.8604e+02	5.9066e-11
6.8848e+02	5.4523e-11
6.9092e+02	7.0106e-11
6.9336e+02	9.3927e-11
6.9580e+02	7.6154e-11
6.9824e+02	6.7243e-11
7.0068e+02	6.8498e-11
7.0312e+02	6.9587e-11
7.0557e+02	6.4023e-11
7.0801e+02	5.9592e-11
7.1045e+02	6.1791e-11
7.1289e+02	7.3054e-11
7.1533e+02	6.1870e-11
7.1777e+02	6.0240e-11
7.2021e+02	6.4802e-11
7.2266e+02	5.6747e-11
7.2510e+02	6.4540e-11
7.2754e+02	4.9092e-11
7.2998e+02	5.6870e-11
7.3242e+02	7.0621e-11
7.3486e+02	6.6370e-11
7.3730e+02	5.0494e-11
7.3975e+02	6.2088e-11
7.4219e+02	6.2860e-11
7.4463e+02	5.6451e-11
7.4707e+02	5.7866e-11
7.4951e+02	7.0909e-11
7.5195e+02	5.9549e-11
7.5439e+02	5.8907e-11
7.5684e+02	5.5122e-11
7.5928e+02	6.4865e-11
7.6172e+02	7.4273e-11
7.6416e+02	7.9554e-11
7.6660e+02	6.3756e-11
7.6904e+02	5.8659e-11
7.7148e+02	5.4732e-11
7.7393e+02	5.7859e-11
7.7637e+02	7.0815e-11
7.7881e+02	7.2023e-11
7.8125e+02	6.5410e-11
7.8369e+02	5.7482e-11
7.8613e+02	6.0548e-11
7.8857e+02	5.2729e-11
7.9102e+02	4.6526e-11
7.9346e+02	5.4914e-11
7.9590e+02	6.1696e-11
7.9834e+02	5.9906e-11
8.0078e+02	5.9705e-11
8.0322e+02	5.4010e-11
8.0566e+02	4.5883e-11
8.0811e+02	4.8778e-11
8.1055e+02	6.7910e-11
8.1299e+02	5.9834e-11
8.1543e+02	4.8569e-11
8.1787e+02	5.1702e-11
8.2031e+02	5.9436e-11
8.2275e+02	4.9436e-11
8.2520e+02	5.0454e-11
8.2764e+02	5.2682e-11
8.3008e+02	4.6396e-11
8.3252e+02	5.2373e-11
8.3496e+02	6.2998e-11
8.3740e+02	5.6611e-11
8.3984e+02	5.2620e-11
8.4229e+02	4.6603e-11
8.4473e+02	5.2753e-11
8.4717e+02	4.9839e-11
8.4961e+02	4.8317e-11
8.5205e+02	5.0206e-11
8.5449e+02	4.7944e-11
8.5693e+02	6.1525e-11
8.5938e+02	5.6708e-11
8.6182e+02	4.5715e-11
8.6426e+02	4.4151e-11
8.6670e+02	3.7916e-11
8.6914e+02	4.2686e-11
8.7158e+02	4.8867e-11
8.7402e+02	5.3193e-11
8.7646e+02	3.7555e-11
8.7891e+02	4.7791e-11
8.8135e+02	5.6379e-11
8.8379e+02	5.7876e-11
8.8623e+02	4.5864e-11
8.8867e+02	4.1121e-11
8.9111e+02	4.6210e-11
8.9355e+02	4.4746e-11
8.9600e+02	5.4072e-11
8.9844e+02	7.3249e-11
9.0088e+02	6.1688e-11
9.0332e+02	5.2654e-11
9.0576e+02	4.0885e-11
9.0820e+02	3.8735e-11
9.1064e+02	4.0063e-11
9.1309e+02	4.8595e-11
9.1553e+02	5.3737e-11
9.1797e+02	4.9393e-11
9.2041e+02	5.8429e-11
9.2285e+02	5.7656e-11
9.2529e+02	5.6527e-11
9.2773e+02	4.4070e-11
9.3018e+02	4.7931e-11
9.3262e+02	4.2959e-11
9.3506e+02	5.4153e-11
9.3750e+02	5.5762e-11
9.3994e+02	4.7563e-11
9.4238e+02	4.5104e-11
9.4482e+02	4.2949e-11
9.4727e+02	4.5737e-11
9.4971e+02	5.3694e-11
9.5215e+02	5.2274e-11
9.5459e+02	4.4893e-11
9.5703e+02	4.2160e-11
9.5947e+02	3.6730e-11
9.6191e+02	4.2687e-11
9.6436e+02	4.2129e-11
9.6680e+02	3.8852e-11
9.6924e+02	4.0817e-11
9.7168e+02	3.9928e-11
9.7412e+02	3.6422e-11
9.7656e+02	4.4274e-11
9.7900e+02	5.3064e-11
9.8145e+02	5.5385e-11
9.8389e+02	4.7718e-11
9.8633e+02	3.8807e-11
9.8877e+02	4.9299e-11
9.9121e+02	3.4807e-11
9.9365e+02	2.8312e-11
9.9609e+02	2.6795e-11
9.9854e+02	4.0671e-11
1.0010e+03	3.8645e-11
1.0034e+03	4.2722e-11
1.0059e+03	4.1362e-11
1.0083e+03	3.9157e-11
1.0107e+03	4.0533e-11
1.0132e+03	3.8207e-11
1.0156e+03	4.0186e-11
1.0181e+03	3.6613e-11
1.0205e+03	3.8914e-11
1.0229e+03	4.0681e-11
1.0254e+03	2.6354e-11
1.0278e+03	3.2823e-11
1.0303e+03	4.4562e-11
1.0327e+03	4.1698e-11
1.0352e+03	4.0359e-11
1.0376e+03	3.4278e-11
1.0400e+03	3.3366e-11
1.0425e+03	3.5372e-11
1.0449e+03	2.9142e-11
1.0474e+03	5.0015e-11
1.0498e+03	5.0456e-11
1.0522e+03	4.0950e-11
1.0547e+03	4.0445e-11
1.0571e+03	3.5258e-11
1.0596e+03	4.1968e-11
1.0620e+03	4.1944e-11
1.0645e+03	3.3465e-11
1.0669e+03	3.2980e-11
1.0693e+03	3.2711e-11
1.0718e+03	3.6191e-11
1.0742e+03	3.4720e-11
1.0767e+03	3.4744e-11
1.0791e+03	4.3116e-11
1.0815e+03	4.7800e-11
1.0840e+03	4.3710e-11
1.0864e+03	4.2334e-11
1.0889e+03	4.2725e-11
1.0913e+03	4.4935e-11
1.0938e+03	4.1696e-11
1.0962e+03	4.0150e-11
1.0986e+03	4.1272e-11
1.1011e+03	3.8047e-11
1.1035e+03	3.4503e-11
1.1060e+03	3.6624e-11
1.1084e+03	3.7930e-11
1.1108e+03	3.3829e-11
1.1133e+03	3.7752e-11
1.1157e+03	3.4513e-11
1.1182e+03	2.3911e-11
1.1206e+03	2.5406e-11
1.1230e+03	3.4765e-11
1.1255e+03	3.1428e-11
1.1279e+03	3.7812e-11
1.1304e+03	3.8365e-11
1.1328e+03	3.2407e-11
1.1353e+03	3.8375e-11
1.1377e+03	3.9700e-11
1.1401e+03	3.9442e-11
1.1426e+03	3.6323e-11
1.1450e+03	3.0405e-11
1.1475e+03	3.4692e-11
1.1499e+03	3.3404e-11
1.1523e+03	3.5516e-11
1.1548e+03	3.1910e-11
1.1572e+03	3.1487e-11
1.1597e+03	3.0832e-11
1.1621e+03	2.3551e-11
1.1646e+03	2.5674e-11
1.1670e+03	2.7907e-11
1.1694e+03	3.1636e-11
1.1719e+03	3.7165e-11
1.1743e+03	2.9231e-11
1.1768e+03	2.5385e-11
1.1792e+03	2.3873e-11
1.1816e+03	2.4355e-11
1.1841e+03	2.4926e-11
1.1865e+03	2.7973e-11
1.1890e+03	2.7301e-11
1.1914e+03	2.5164e-11
1.1938e+03	2.5894e-11
1.1963e+03	2.8667e-11
1.1987e+03	3.1838e-11
1.2012e+03	2.7007e-11
1.2036e+03	2.1505e-11
1.2061e+03	2.8473e-11
1.2085e+03	3.2681e-11
1.2109e+03	2.7877e-11
1.2134e+03	2.4951e-11
1.2158e+03	2.3800e-11
1.2183e+03	2.5054e-11
1.2207e+03	2.2655e-11
1.2231e+03	2.5652e-11
1.2256e+03	3.0731e-11
1.2280e+03	2.7684e-11
1.2305e+03	2.0966e-11
1.2329e+03	2.5413e-11
1.2354e+03	2.4183e-11
1.2378e+03	2.3479e-11
1.2402e+03	2.4249e-11
1.2427e+03	2.7383e-11
1.2451e+03	2.6700e-11
1.2476e+03	2.3843e-11
1.2500e+03	2.4778e-11
1.2524e+03	3.1485e-11
1.2549e+03	2.8914e-11
1.2573e+03	1.8621e-11
1.2598e+03	1.6612e-11
1.2622e+03	1.6934e-11
1.2646e+03	2.6052e-11
1.2671e+03	2.5789e-11
1.2695e+03	2.4892e-11
1.2720e+03	2.3774e-11
1.2744e+03	1.9973e-11
1.2769e+03	2.0129e-11
1.2793e+03	1.8112e-11
1.2817e+03	2.0317e-11
1.2842e+03	2.0924e-11
1.2866e+03	2.1710e-11
1.2891e+03	2.1654e-11
1.2915e+03	2.0992e-11
1.2939e+03	2.1408e-11
1.2964e+03	1.8716e-11
1.2988e+03	1.6935e-11
1.3013e+03	1.7858e-11
1.3037e+03	2.2705e-11
1.3062e+03	2.0820e-11
1.3086e+03	1.9029e-11
1.3110e+03	2.0037e-11
1.3135e+03	2.4164e-11
1.3159e+03	3.0463e-11
1.3184e+03	3.0342e-11
1.3208e+03	2.6135e-11
1.3232e+03	2.7016e-11
1.3257e+03	2.3242e-11
1.3281e+03	1.8946e-11
1.3306e+03	1.6831e-11
1.3330e+03	1.8753e-11
1.3354e+03	1.8418e-11
1.3379e+03	1.9222e-11
1.3403e+03	2.0528e-11
1.3428e+03	2.1448e-11
1.3452e+03	1.9338e-11
1.3477e+03	1.6372e-11
1.3501e+03	1.7922e-11
1.3525e+03	2.1896e-11
1.3550e+03	1.7879e-11
1.3574e+03	1.4189e-11
1.3599e+03	1.4823e-11
1.3623e+03	1.5967e-11
1.3647e+03	1.8340e-11
1.3672e+03	1.7391e-11
1.3696e+03	1.9001e-11
1.3721e+03	1.7680e-11
1.3745e+03	1.3178e-11
1.3770e+03	1.6651e-11
1.3794e+03	1.8733e-11
1.3818e+03	1.7885e-11
1.3843e+03	1.7592e-11
1.3867e+03	1.7925e-11
1.3892e+03	1.5539e-11
1.3916e+03	1.1811e-11
1.3940e+03	1.7956e-11
1.3965e+03	1.6355e-11
1.3989e+03	1.7729e-11
1.4014e+03	1.6536e-11
1.4038e+03	1.7404e-11
1.4062e+03	1.3277e-11
1.4087e+03	1.2676e-11
1.4111e+03	1.8038e-11
1.4136e+03	1.4925e-11
1.4160e+03	1.6024e-11
1.4185e+03	1.4793e-11
1.4209e+03	1.2705e-11
1.4233e+03	1.1858e-11
1.4258e+03	1.2982e-11
1.4282e+03	1.5795e-11
1.4307e+03	1.7354e-11
1.4331e+03	1.1984e-11
1.4355e+03	1.4283e-11
1.4380e+03	1.5304e-11
1.4404e+03	1.6396e-11
1.4429e+03	1.4572e-11
1.4453e+03	1.3628e-11
1.4478e+03	1.3635e-11
1.4502e+03	1.2482e-11
1.4526e+03	1.2408e-11
1.4551e+03	1.3985e-11
1.4575e+03	1.8191e-11
1.4600e+03	1.7046e-11
1.4624e+03	1.8957e-11
1.4648e+03	2.0228e-11
1.4673e+03	1.8284e-11
1.4697e+03	1.3211e-11
1.4722e+03	1.2577e-11
1.4746e+03	1.1704e-11
1.4771e+03	1.3749e-11
1.4795e+03	1.2473e-11
1.4819e+03	9.7984e-12
1.4844e+03	1.0349e-11
1.4868e+03	1.1598e-11
1.4893e+03	1.2274e-11
1.4917e+03	1.1749e-11
1.4941e+03	1.2121e-11
1.4966e+03	1.1632e-11
1.4990e+03	1.1151e-11
1.5015e+03	1.0151e-11
1.5039e+03	9.7180e-12
1.5063e+03	1.0490e-11
1.5088e+03	1.0736e-11
1.5112e+03	1.2578e-11
1.5137e+03	1.2206e-11
1.5161e+03	1.3112e-11
1.5186e+03	1.0289e-11
1.5210e+03	7.6481e-12
1.5234e+03	7.7188e-12
1.5259e+03	1.0836e-11
1.5283e+03	1.4334e-11
1.5308e+03	1.2825e-11
1.5332e+03	9.9407e-12
1.5356e+03	1.1271e-11
1.5381e+03	1.1569e-11
1.5405e+03	1.1054e-11
1.5430e+03	9.7590e-12
1.5454e+03	9.6858e-12
1.5479e+03	1.0169e-11
1.5503e+03	9.3886e-12
1.5527e+03	8.7794e-12
1.5552e+03	1.2108e-11
1.5576e+03	1.0793e-11
1.5601e+03	8.8116e-12
1.5625e+03	8.9373e-12
1.5649e+03	8.7891e-12
1.5674e+03	9.0217e-12
1.5698e+03	8.7651e-12
1.5723e+03	1.1207e-11
1.5747e+03	1.0718e-11
1.5771e+03	8.4953e-12
1.5796e+03	7.3392e-12
1.5820e+03	1.0521e-11
1.5845e+03	9.6035e-12
1.5869e+03	9.0667e-12
1.5894e+03	7.6955e-12
1.5918e+03	8.5364e-12
1.5942e+03	8.4335e-12
1.5967e+03	8.4069e-12
1.5991e+03	7.2389e-12
1.6016e+03	7.0759e-12
1.6040e+03	7.1171e-12
1.6064e+03	7.4746e-12
1.6089e+03	9.6598e-12
1.6113e+03	9.8051e-12
1.6138e+03	7.9705e-12
1.6162e+03	7.2554e-12
1.6187e+03	6.4950e-12
1.6211e+03	6.8187e-12
1.6235e+03	8.5334e-12
1.6260e+03	7.6822e-12
1.6284e+03	8.9045e-12
1.6309e+03	8.2251e-12
1.6333e+03	8.6358e-12
1.6357e+03	7.6799e-12
1.6382e+03	7.6161e-12
1.6406e+03	9.0953e-12
1.6431e+03	9.0779e-12
1.6455e+03	9.0872e-12
1.6479e+03	7.6987e-12
1.6504e+03	7.6342e-12
1.6528e+03	8.6618e-12
1.6553e+03	7.1608e-12
1.6577e+03	7.1332e-12
1.6602e+03	6.5491e-12
1.6626e+03	4.6156e-12
1.6650e+03	6.0223e-12
1.6675e+03	7.2862e-12
1.6699e+03	7.2336e-12
1.6724e+03	6.6095e-12
1.6748e+03	7.6076e-12
1.6772e+03	6.4163e-12
1.6797e+03	6.7645e-12
1.6821e+03	7.2953e-12
1.6846e+03	7.2825e-12
1.6870e+03	7.0721e-12
1.6895e+03	7.8513e-12
1.6919e+03	7.4374e-12
1.6943e+03	7.2798e-12
1.6968e+03	7.3455e-12
1.6992e+03	7.4477e-12
1.7017e+03	7.7943e-12
1.7041e+03	6.0480e-12
1.7065e+03	5.3459e-12
1.7090e+03	5.5625e-12
1.7114e+03	5.4008e-12
1.7139e+03	4.7756e-12
1.7163e+03	5.0084e-12
1.7188e+03	5.2072e-12
1.7212e+03	6.6104e-12
1.7236e+03	5.1327e-12
1.7261e+03	5.3563e-12
1.7285e+03	5.5363e-12
1.7310e+03	6.1121e-12
1.7334e+03	7.1697e-12
1.7358e+03	5.2348e-12
1.7383e+03	3.7027e-12
1.7407e+03	4.8883e-12
1.7432e+03	3.7747e-12
1.7456e+03	4.9514e-12
1.7480e+03	4.7916e-12
1.7505e+03	5.4158e-12
1.7529e+03	4.7504e-12
1.7554e+03	3.1303e-12
1.7578e+03	3.6984e-12
1.7603e+03	5.0053e-12
1.7627e+03	3.8406e-12
1.7651e+03	4.4049e-12
1.7676e+03	4.1992e-12
1.7700e+03	4.1680e-12
1.7725e+03	4.2883e-12
1.7749e+03	4.0958e-12
1.7773e+03	4.3922e-12
1.7798e+03	3.9656e-12
1.7822e+03	4.1456e-12
1.7847e+03	3.2469e-12
1.7871e+03	2.5528e-12
1.7896e+03	2.8218e-12
1.7920e+03	4.0638e-12
1.7944e+03	4.1947e-12
1.7969e+03	3.6044e-12
1.7993e+03	4.7204e-12
1.8018e+03	4.9407e-12
1.8042e+03	4.1466e-12
1.8066e+03	3.4086e-12
1.8091e+03	3.0926e-12
1.8115e+03	3.4102e-12
1.8140e+03	3.3000e-12
1.8164e+03	3.2341e-12
1.8188e+03	3.4836e-12
1.8213e+03	3.0013e-12
1.8237e+03	3.0213e-12
1.8262e+03	3.2492e-12
1.8286e+03	3.6371e-12
1.8311e+03	3.9000e-12
1.8335e+03	3.5644e-12
1.8359e+03	3.1838e-12
1.8384e+03	3.0092e-12
1.8408e+03	3.2709e-12
1.8433e+03	3.2671e-12
1.8457e+03	3.8458e-12
1.8481e+03	2.9499e-12
1.8506e+03	2.9029e-12
1.8530e+03	3.0313e-12
1.8555e+03	3.1885e-12
1.8579e+03	3.8429e-12
1.8604e+03	3.4672e-12
1.8628e+03	3.3337e-12
1.8652e+03	2.8926e-12
1.8677e+03	3.1314e-12
1.8701e+03	2.4759e-12
1.8726e+03	2.2115e-12
1.8750e+03	2.1080e-12
1.8774e+03	2.4712e-12
1.8799e+03	3.1135e-12
1.8823e+03	3.4331e-12
1.8848e+03	3.6196e-12
1.8872e+03	2.2036e-12
1.8896e+03	2.3365e-12
1.8921e+03	2.1659e-12
1.8945e+03	1.9483e-12
1.8970e+03	2.5326e-12
1.8994e+03	2.6516e-12
1.9019e+03	2.5674e-12
1.9043e+03	1.7096e-12
1.9067e+03	2.0436e-12
1.9092e+03	2.3121e-12
1.9116e+03	1.9502e-12
1.9141e+03	1.6792e-12
1.9165e+03	1.6890e-12
1.9189e+03	1.8280e-12
1.9214e+03	2.0148e-12
1.9238e+03	2.4155e-12
1.9263e+03	2.1714e-12
1.9287e+03	1.7927e-12
1.9312e+03	1.9334e-12
1.9336e+03	1.7623e-12
1.9360e+03	1.9366e-12
1.9385e+03	1.7561e-12
1.9409e+03	1.7283e-12
1.9434e+03	1.8735e-12
1.9458e+03	2.0950e-12
1.9482e+03	1.9558e-12
1.9507e+03	1.5859e-12
1.9531e+03	1.5695e-12
1.9556e+03	1.7106e-12
1.9580e+03	1.4735e-12
1.9604e+03	1.7177e-12
1.9629e+03	1.7344e-12
1.9653e+03	1.4595e-12
1.9678e+03	1.5095e-12
1.9702e+03	1.9655e-12
1.9727e+03	1.6968e-12
1.9751e+03	1.2003e-12
1.9775e+03	1.4025e-12
1.9800e+03	1.5663e-12
1.9824e+03	1.5478e-12
1.9849e+03	1.6064e-12
1.9873e+03	1.5643e-12
1.9897e+03	1.2262e-12
1.9922e+03	1.2566e-12
1.9946e+03	1.3838e-12
1.9971e+03	1.4412e-12
1.9995e+03	1.3294e-12
2.0020e+03	1.7064e-12
2.0044e+03	1.5563e-12
2.0068e+03	1.4608e-12
2.0093e+03	1.1839e-12
2.0117e+03	1.2138e-12
2.0142e+03	1.2829e-12
2.0166e+03	1.4997e-12
2.0190e+03	1.6438e-12
2.0215e+03	1.3870e-12
2.0239e+03	1.1549e-12
2.0264e+03	1.0927e-12
2.0288e+03	1.1523e-12
2.0312e+03	1.1827e-12
2.0337e+03	1.2568e-12
2.0361e+03	9.6347e-13
2.0386e+03	1.0377e-12
2.0410e+03	1.1581e-12
2.0435e+03	9.1567e-13
2.0459e+03	9.4606e-13
2.0483e+03	1.2055e-12
2.0508e+03	1.0397e-12
2.0532e+03	7.8313e-13
2.0557e+03	9.0841e-13
2.0581e+03	9.4302e-13
2.0605e+03	8.7448e-13
2.0630e+03	9.7982e-13
2.0654e+03	8.2846e-13
2.0679e+03	9.8535e-13
2.0703e+03	9.5992e-13
2.0728e+03	8.2984e-13
2.0752e+03	7.9427e-13
2.0776e+03	9.2315e-13
2.0801e+03	8.8998e-13
2.0825e+03	8.3863e-13
2.0850e+03	8.8538e-13
2.0874e+03	1.0576e-12
2.0898e+03	1.0400e-12
2.0923e+03	7.0801e-13
2.0947e+03	6.2562e-13
2.0972e+03	6.8031e-13
2.0996e+03	6.3686e-13
2.1021e+03	6.4232e-13
2.1045e+03	6.4488e-13
2.1069e+03	6.1761e-13
2.1094e+03	5.4938e-13
2.1118e+03	5.8948e-13
2.1143e+03	5.9051e-13
2.1167e+03	9.2016e-13
2.1191e+03	1.3353e-12
2.1216e+03	1.7110e-12
2.1240e+03	1.6338e-12
2.1265e+03	1.3091e-12
2.1289e+03	1.1488e-12
2.1313e+03	1.0359e-12
2.1338e+03	9.4137e-13
2.1362e+03	1.0844e-12
2.1387e+03	1.5358e-12
2.1411e+03	1.6016e-12
2.1436e+03	1.1558e-12
2.1460e+03	9.6754e-13
2.1484e+03	9.6730e-13
2.1509e+03	8.2963e-13
2.1533e+03	7.2090e-13
2.1558e+03	6.8259e-13
2.1582e+03	6.5496e-13
2.1606e+03	6.8626e-13
2.1631e+03	6.4878e-13
2.1655e+03	6.7688e-13
2.1680e+03	6.9705e-13
2.1704e+03	6.8420e-13
2.1729e+03	5.7729e-13
2.1753e+03	5.2381e-13
2.1777e+03	4.2196e-13
2.1802e+03	4.9560e-13
2.1826e+03	4.9467e-13
2.1851e+03	4.7575e-13
2.1875e+03	4.5990e-13
2.1899e+03	3.9868e-13
2.1924e+03	4.3368e-13
2.1948e+03	4.8400e-13
2.1973e+03	5.3627e-13
2.1997e+03	4.3214e-13
2.2021e+03	3.8295e-13
2.2046e+03	3.3860e-13
2.2070e+03	3.5637e-13
2.2095e+03	3.5533e-13
2.2119e+03	2.6200e-13
2.2144e+03	3.1775e-13
2.2168e+03	3.2942e-13
2.2192e+03	3.8731e-13
2.2217e+03	3.7182e-13
2.2241e+03	2.6543e-13
2.2266e+03	3.3530e-13
2.2290e+03	2.9480e-13
2.2314e+03	2.8931e-13
2.2339e+03	2.9936e-13
2.2363e+03	3.6852e-13
2.2388e+03	3.4441e-13
2.2412e+03	2.9047e-13
2.2437e+03	2.4497e-13
2.2461e+03	2.3460e-13
2.2485e+03	2.7071e-13
2.2510e+03	2.4749e-13
2.2534e+03	2.5165e-13
2.2559e+03	2.7518e-13
2.2583e+03	2.2819e-13
2.2607e+03	2.4600e-13
2.2632e+03	2.3755e-13
2.2656e+03	1.7478e-13
2.2681e+03	1.7459e-13
2.2705e+03	1.8786e-13
2.2729e+03	2.2354e-13
2.2754e+03	2.0921e-13
2.2778e+03	1.9160e-13
2.2803e+03	2.1055e-13
2.2827e+03	2.4072e-13
2.2852e+03	2.4738e-13
2.2876e+03	2.0562e-13
2.2900e+03	1.4264e-13
2.2925e+03	1.8308e-13
2.2949e+03	2.6647e-13
2.2974e+03	2.6983e-13
2.2998e+03	2.0037e-13
2.3022e+03	1.9120e-13
2.3047e+03	1.8866e-13
2.3071e+03	1.6121e-13
2.3096e+03	2.0083e-13
2.3120e+03	1.5686e-13
2.3145e+03	1.8370e-13
2.3169e+03	2.4168e-13
2.3193e+03	2.5338e-13
2.3218e+03	1.9978e-13
2.3242e+03	2.3423e-13
2.3267e+03	2.0817e-13
2.3291e+03	1.5101e-13
2.3315e+03	2.0575e-13
2.3340e+03	2.6941e-13
2.3364e+03	3.6695e-13
2.3389e+03	4.3904e-13
2.3413e+03	4.1181e-13
2.3438e+03	3.3107e-13
2.3462e+03	3.3707e-13
2.3486e+03	3.6620e-13
2.3511e+03	3.2863e-13
2.3535e+03	3.9778e-13
2.3560e+03	4.3949e-13
2.3584e+03	3.5466e-13
2.3608e+03	4.5347e-13
2.3633e+03	5.3192e-13
2.3657e+03	4.5004e-13
2.3682e+03	4.8967e-13
2.3706e+03	5.7423e-13
2.3730e+03	6.5001e-13
2.3755e+03	6.8830e-13
2.3779e+03	6.7688e-13
2.3804e+03	5.4117e-13
2.3828e+03	5.7694e-13
2.3853e+03	4.9239e-13
2.3877e+03	7.2874e-13
2.3901e+03	8.3171e-13
2.3926e+03	8.1658e-13
2.3950e+03	5.0091e-13
2.3975e+03	8.1853e-14
2.3999e+03	5.4753e-14
2.4023e+03	5.6244e-14
2.4048e+03	5.4089e-14
2.4072e+03	5.5078e-14
2.4097e+03	5.8211e-14
2.4121e+03	6.0437e-14
2.4146e+03	6.0803e-14
2.4170e+03	6.9067e-14
2.4194e+03	5.5730e-14
2.4219e+03	4.4917e-14
2.4243e+03	4.5650e-14
2.4268e+03	4.6823e-14
2.4292e+03	4.0528e-14
2.4316e+03	3.4307e-14
2.4341e+03	4.1235e-14
2.4365e+03	4.3335e-14
2.4390e+03	3.1410e-14
2.4414e+03	3.2506e-14
2.4438e+03	3.3498e-14
2.4463e+03	2.6074e-14
2.4487e+03	2.9097e-14
2.4512e+03	2.8726e-14
2.4536e+03	3.0262e-14
2.4561e+03	3.5258e-14
2.4585e+03	2.9363e-14
2.4609e+03	2.1390e-14
2.4634e+03	2.4486e-14
2.4658e+03	2.2218e-14
2.4683e+03	2.6901e-14
2.4707e+03	2.8419e-14
2.4731e+03	2.1525e-14
2.4756e+03	1.5698e-14
2.4780e+03	1.6487e-14
2.4805e+03	1.6150e-14
2.4829e+03	1.4892e-14
2.4854e+03	1.4704e-14
2.4878e+03	1.8339e-14
2.4902e+03	2.0367e-14
2.4927e+03	1.4005e-14
2.4951e+03	1.6357e-14
2.4976e+03	2.1672e-14
2.5000e+03	1.8627e-14
2.5024e+03	1.6051e-14
2.5049e+03	1.5749e-14
2.5073e+03	1.8736e-14
2.5098e+03	1.7733e-14
2.5122e+03	1.3721e-14
2.5146e+03	1.1867e-14
2.5171e+03	1.2875e-14
2.5195e+03	1.5714e-14
2.5220e+03	1.7138e-14
2.5244e+03	1.3063e-14
2.5269e+03	1.1760e-14
2.5293e+03	1.1261e-14
2.5317e+03	1.0464e-14
2.5342e+03	1.3696e-14
2.5366e+03	1.3411e-14
2.5391e+03	8.0702e-15
2.5415e+03	7.2200e-15
2.5439e+03	8.2596e-15
2.5464e+03	9.0453e-15
2.5488e+03	8.9496e-15
2.5513e+03	6.7070e-15
2.5537e+03	6.2676e-15
2.5562e+03	4.8567e-15
2.5586e+03	5.5572e-15
2.5610e+03	5.3412e-15
2.5635e+03	3.8644e-15
2.5659e+03	3.7155e-15
2.5684e+03	4.9445e-15
2.5708e+03	4.3367e-15
2.5732e+03	4.2825e-15
2.5757e+03	5.0796e-15
2.5781e+03	5.0483e-15
2.5806e+03	4.4866e-15
2.5830e+03	3.6061e-15
2.5854e+03	3.3221e-15
2.5879e+03	4.1764e-15
2.5903e+03	4.5364e-15
2.5928e+03	3.5201e-15
2.5952e+03	2.9665e-15
2.5977e+03	2.9442e-15
2.6001e+03	2.5507e-15
2.6025e+03	2.3242e-15
2.6050e+03	2.4823e-15
2.6074e+03	3.2376e-15
2.6099e+03	2.3264e-15
2.6123e+03	1.9697e-15
2.6147e+03	2.1458e-15
2.6172e+03	1.6683e-15
2.6196e+03	1.7697e-15
2.6221e+03	2.2686e-15
2.6245e+03	2.8220e-15
2.6270e+03	3.7881e-15
2.6294e+03	6.6051e-15
2.6318e+03	1.4328e-14
2.6343e+03	5.6465e-14
2.6367e+03	3.2292e-13
2.6392e+03	7.2879e-12
2.6416e+03	6.6246e-10
2.6440e+03	3.0443e-09
2.6465e+03	3.7736e-09
2.6489e+03	3.8683e-09
2.6514e+03	2.8011e-09
2.6538e+03	2.6631e-09
2.6562e+03	2.7272e-09
2.6587e+03	2.4698e-09
2.6611e+03	2.8913e-09
2.6636e+03	2.9103e-09
2.6660e+03	3.0249e-09
2.6685e+03	2.4503e-09
2.6709e+03	2.0009e-09
2.6733e+03	2.0806e-09
2.6758e+03	2.4272e-09
2.6782e+03	1.4119e-09
2.6807e+03	1.3187e-09
2.6831e+03	1.8188e-09
2.6855e+03	1.6435e-09
2.6880e+03	1.4572e-09
2.6904e+03	1.5304e-09
2.6929e+03	1.1644e-09
2.6953e+03	1.2981e-09
2.6978e+03	1.1165e-09
2.7002e+03	9.6686e-10
2.7026e+03	7.4486e-10
2.7051e+03	6.1566e-10
2.7075e+03	5.3210e-10
2.7100e+03	3.9403e-10
2.7124e+03	4.6755e-10
2.7148e+03	4.0292e-10
2.7173e+03	3.5214e-10
2.7197e+03	2.8352e-10
2.7222e+03	2.0191e-10
2.7246e+03	1.5600e-10
2.7271e+03	1.6142e-10
2.7295e+03	1.2858e-10
2.7319e+03	1.0115e-10
2.7344e+03	1.1150e-10
2.7368e+03	7.2565e-11
2.7393e+03	6.7578e-11
2.7417e+03	6.1494e-11
2.7441e+03	3.5395e-11
2.7466e+03	3.5279e-11
2.7490e+03	3.2012e-11
2.7515e+03	2.5487e-11
2.7539e+03	1.7888e-11
2.7563e+03	1.0446e-11
2.7588e+03	8.1491e-12
2.7612e+03	7.3375e-12
2.7637e+03	6.5058e-12
2.7661e+03	4.9119e-12
2.7686e+03	2.7182e-12
2.7710e+03	9.9236e-13
2.7734e+03	9.9129e-14
2.7759e+03	1.9859e-15
2.7783e+03	3.6555e-16
2.7808e+03	2.1486e-16
2.7832e+03	2.0214e-16
2.7856e+03	3.4453e-16
2.7881e+03	1.8465e-15
2.7905e+03	9.1572e-14
2.7930e+03	9.3982e-13
2.7954e+03	2.5775e-12
2.7979e+03	4.6622e-12
2.8003e+03	6.1579e-12
2.8027e+03	6.8913e-12
2.8052e+03	7.6254e-12
2.8076e+03	9.6218e-12
2.8101e+03	1.6358e-11
2.8125e+03	2.3233e-11
2.8149e+03	2.9020e-11
2.8174e+03	3.1923e-11
2.8198e+03	3.1530e-11
2.8223e+03	5.4407e-11
2.8247e+03	5.9948e-11
2.8271e+03	6.3198e-11
2.8296e+03	9.6971e-11
2.8320e+03	8.7848e-11
2.8345e+03	1.0959e-10
2.8369e+03	1.3808e-10
2.8394e+03	1.3183e-10
2.8418e+03	1.6933e-10
2.8442e+03	2.3554e-10
2.8467e+03	2.9201e-10
2.8491e+03	3.3086e-10
2.8516e+03	3.8311e-10
2.8540e+03	3.2048e-10
2.8564e+03	4.2715e-10
2.8589e+03	4.9256e-10
2.8613e+03	5.9037e-10
2.8638e+03	7.6217e-10
2.8662e+03	8.7276e-10
2.8687e+03	1.0134e-09
2.8711e+03	8.9889e-10
2.8735e+03	1.1733e-09
2.8760e+03	1.1144e-09
2.8784e+03	1.2386e-09
2.8809e+03	1.3733e-09
2.8833e+03	9.8966e-10
2.8857e+03	1.0386e-09
2.8882e+03	1.7816e-09
2.8906e+03	1.5299e-09
2.8931e+03	1.4489e-09
2.8955e+03	1.7612e-09
2.8979e+03	2.1631e-09
2.9004e+03	2.0724e-09
2.9028e+03	2.0428e-09
2.9053e+03	1.7377e-09
2.9077e+03	1.8917e-09
2.9102e+03	1.8484e-09
2.9126e+03	1.9115e-09
2.9150e+03	2.6330e-09
2.9175e+03	2.5562e-09
2.9199e+03	2.0696e-09
2.9224e+03	4.6180e-10
2.9248e+03	5.4257e-12
2.9272e+03	2.2925e-13
2.9297e+03	3.9487e-14
2.9321e+03	9.7555e-15
2.9346e+03	4.5921e-15
2.9370e+03	2.4347e-15
2.9395e+03	1.7755e-15
2.9419e+03	1.4249e-15
2.9443e+03	1.1068e-15
2.9468e+03	1.0130e-15
2.9492e+03	1.2886e-15
2.9517e+03	1.1857e-15
2.9541e+03	1.4159e-15
2.9565e+03	1.9389e-15
2.9590e+03	1.5158e-15
2.9614e+03	1.3481e-15
2.9639e+03	1.5294e-15
2.9663e+03	1.7974e-15
2.9688e+03	1.8271e-15
2.9712e+03	2.0886e-15
2.9736e+03	2.5812e-15
2.9761e+03	2.4019e-15
2.9785e+03	1.9778e-15
2.9810e+03	2.0435e-15
2.9834e+03	2.5432e-15
2.9858e+03	2.8067e-15
2.9883e+03	2.8246e-15
2.9907e+03	2.3879e-15
2.9932e+03	2.4180e-15
2.9956e+03	2.7370e-15
2.9980e+03	2.1118e-15
3.0005e+03	2.1533e-15
3.0029e+03	2.9622e-15
3.0054e+03	2.9962e-15
3.0078e+03	2.5339e-15
3.0103e+03	3.3036e-15
3.0127e+03	3.6017e-15
3.0151e+03	4.8810e-15
3.0176e+03	5.2219e-15
3.0200e+03	4.9015e-15
3.0225e+03	4.3082e-15
3.0249e+03	4.5619e-15
3.0273e+03	7.5108e-15
3.0298e+03	7.4782e-15
3.0322e+03	5.7145e-15
3.0347e+03	6.3087e-15
3.0371e+03	6.3974e-15
3.0396e+03	7.2293e-15
3.0420e+03	9.0358e-15
3.0444e+03	8.2876e-15
3.0469e+03	6.7458e-15
3.0493e+03	6.2402e-15
3.0518e+03	6.9382e-15
3.0542e+03	8.7262e-15
3.0566e+03	9.1754e-15
3.0591e+03	7.8900e-15
3.0615e+03	8.0054e-15
3.0640e+03	9.1642e-15
3.0664e+03	1.0790e-14
3.0688e+03	7.9307e-15
3.0713e+03	6.6303e-15
3.0737e+03	9.0651e-15
3.0762e+03	7.8591e-15
3.0786e+03	6.1567e-15
3.0811e+03	6.2534e-15
3.0835e+03	6.8957e-15
3.0859e+03	6.9449e-15
3.0884e+03	6.5624e-15
3.0908e+03	8.8956e-15
3.0933e+03	1.1807e-14
3.0957e+03	1.1187e-14
3.0981e+03	8.9827e-15
3.1006e+03	9.8292e-15
3.1030e+03	8.5733e-15
3.1055e+03	1.1658e-14
3.1079e+03	1.3837e-14
3.1104e+03	1.1844e-14
3.1128e+03	1.1177e-14
3.1152e+03	1.1345e-14
3.1177e+03	1.0042e-14
3.1201e+03	1.2766e-14
3.1226e+03	1.2222e-14
3.1250e+03	1.1818e-14
3.1274e+03	1.6095e-14
3.1299e+03	1.5376e-14
3.1323e+03	1.2468e-14
3.1348e+03	1.4418e-14
3.1372e+03	1.6467e-14
3.1396e+03	1.6120e-14
3.1421e+03	1.5788e-14
3.1445e+03	1.9292e-14
3.1470e+03	2.3987e-14
3.1494e+03	2.1073e-14
3.1519e+03	2.0583e-14
3.1543e+03	1.9779e-14
3.1567e+03	1.8559e-14
3.1592e+03	1.8191e-14
3.1616e+03	1.8970e-14
3.1641e+03	1.9000e-14
3.1665e+03	1.0593e-13
3.1689e+03	1.2529e-12
3.1714e+03	2.3018e-12
3.1738e+03	2.3884e-12
3.1763e+03	2.1012e-12
3.1787e+03	1.4994e-12
3.1812e+03	1.7536e-12
3.1836e+03	1.5317e-12
3.1860e+03	1.8148e-12
3.1885e+03	1.8697e-12
3.1909e+03	1.9004e-12
3.1934e+03	1.6945e-12
3.1958e+03	1.3902e-12
3.1982e+03	1.2166e-12
3.2007e+03	1.5296e-12
3.2031e+03	1.2105e-12
3.2056e+03	8.2207e-13
3.2080e+03	1.0859e-12
3.2104e+03	1.1864e-12
3.2129e+03	9.2960e-13
3.2153e+03	9.9230e-13
3.2178e+03	8.5319e-13
3.2202e+03	7.9543e-13
3.2227e+03	8.9610e-13
3.2251e+03	8.0268e-13
3.2275e+03	6.7108e-13
3.2300e+03	4.7351e-13
3.2324e+03	3.6886e-13
3.2349e+03	2.7506e-13
3.2373e+03	3.1773e-13
3.2397e+03	3.4391e-13
3.2422e+03	2.7952e-13
3.2446e+03	2.9452e-13
3.2471e+03	2.4147e-13
3.2495e+03	1.7291e-13
3.2520e+03	1.3625e-13
3.2544e+03	1.5591e-13
3.2568e+03	1.0606e-13
3.2593e+03	1.2830e-13
3.2617e+03	1.2042e-13
3.2642e+03	9.0688e-14
3.2666e+03	1.2527e-13
3.2690e+03	1.0700e-13
3.2715e+03	6.9257e-14
3.2739e+03	5.6145e-14
3.2764e+03	6.3798e-14
3.2788e+03	7.6867e-14
3.2812e+03	6.4999e-14
3.2837e+03	5.5110e-14
3.2861e+03	5.0222e-14
3.2886e+03	5.5573e-14
3.2910e+03	5.4822e-14
3.2935e+03	4.0064e-14
3.2959e+03	3.9382e-14
3.2983e+03	3.9072e-14
3.3008e+03	5.2302e-14
3.3032e+03	5.4298e-14
3.3057e+03	4.9650e-14
3.3081e+03	5.9671e-14
3.3105e+03	5.4665e-14
3.3130e+03	5.2855e-14
3.3154e+03	5.7492e-14
3.3179e+03	4.8990e-14
3.3203e+03	5.2957e-14
3.3228e+03	6.4446e-14
3.3252e+03	8.0015e-14
3.3276e+03	8.4376e-14
3.3301e+03	6.5329e-14
3.3325e+03	6.8025e-14
3.3350e+03	7.5552e-14
3.3374e+03	9.4989e-14
3.3398e+03	7.3922e-14
3.3423e+03	9.5986e-14
3.3447e+03	9.5381e-14
3.3472e+03	1.0651e-13
3.3496e+03	1.1205e-13
3.3521e+03	9.2867e-14
3.3545e+03	1.4362e-13
3.3569e+03	1.5120e-13
3.3594e+03	1.3519e-13
3.3618e+03	1.9159e-13
3.3643e+03	1.8222e-13
3.3667e+03	2.3443e-13
3.3691e+03	2.7481e-13
3.3716e+03	3.1391e-13
3.3740e+03	3.0741e-13
3.3765e+03	3.7450e-13
3.3789e+03	3.6375e-13
3.3813e+03	3.6539e-13
3.3838e+03	4.4367e-13
3.3862e+03	4.6557e-13
3.3887e+03	6.3204e-13
3.3911e+03	7.1685e-13
3.3936e+03	9.3463e-13
3.3960e+03	8.5004e-13
3.3984e+03	9.6416e-13
3.4009e+03	1.0579e-12
3.4033e+03	9.7661e-13
3.4058e+03	1.2037e-12
3.4082e+03	1.0653e-12
3.4106e+03	8.7256e-13
3.4131e+03	1.3627e-12
3.4155e+03	1.7422e-12
3.4180e+03	1.4207e-12
3.4204e+03	1.6542e-12
3.4229e+03	2.1841e-12
3.4253e+03	2.3162e-12
3.4277e+03	2.0298e-12
3.4302e+03	1.8595e-12
3.4326e+03	1.6994e-12
3.4351e+03	1.9640e-12
3.4375e+03	1.8853e-12
3.4399e+03	2.5536e-12
3.4424e+03	2.7979e-12
3.4448e+03	2.3817e-12
3.4473e+03	1.1484e-12
3.4497e+03	1.4084e-13
3.4521e+03	8.3418e-14
3.4546e+03	7.7458e-14
3.4570e+03	8.5392e-14
3.4595e+03	8.8411e-14
3.4619e+03	8.7684e-14
3.4644e+03	8.6962e-14
3.4668e+03	9.1753e-14
3.4692e+03	8.2807e-14
3.4717e+03	9.2986e-14
3.4741e+03	1.3571e-13
3.4766e+03	1.3813e-13
3.4790e+03	1.1426e-13
3.4814e+03	1.0715e-13
3.4839e+03	1.1343e-13
3.4863e+03	1.1645e-13
3.4888e+03	9.9588e-14
3.4912e+03	1.0388e-13
3.4937e+03	1.1841e-13
3.4961e+03	1.2137e-13
3.4985e+03	1.0022e-13
3.5010e+03	1.1748e-13
3.5034e+03	1.0469e-13
3.5059e+03	1.1222e-13
3.5083e+03	1.0831e-13
3.5107e+03	9.1069e-14
3.5132e+03	1.2054e-13
3.5156e+03	1.3945e-13
3.5181e+03	1.0987e-13
3.5205e+03	1.0473e-13
3.5229e+03	1.3081e-13
3.5254e+03	1.1673e-13
3.5278e+03	1.0728e-13
3.5303e+03	1.3658e-13
3.5327e+03	1.3009e-13
3.5352e+03	1.2843e-13
3.5376e+03	1.1915e-13
3.5400e+03	1.2251e-13
3.5425e+03	1.4738e-13
3.5449e+03	1.7499e-13
3.5474e+03	1.6088e-13
3.5498e+03	1.3664e-13
3.5522e+03	1.2722e-13
3.5547e+03	1.1994e-13
3.5571e+03	1.4609e-13
3.5596e+03	1.5399e-13
3.5620e+03	1.7203e-13
3.5645e+03	1.3354e-13
3.5669e+03	1.4270e-13
3.5693e+03	1.3865e-13
3.5718e+03	1.2867e-13
3.5742e+03	1.2298e-13
3.5767e+03	1.5574e-13
3.5791e+03	1.5420e-13
3.5815e+03	1.4653e-13
3.5840e+03	1.5160e-13
3.5864e+03	1.3448e-13
3.5889e+03	1.1183e-13
3.5913e+03	1.5940e-13
3.5938e+03	1.7957e-13
3.5962e+03	1.3894e-13
3.5986e+03	1.3377e-13
3.6011e+03	1.5438e-13
3.6035e+03	1.5035e-13
3.6060e+03	1.2828e-13
3.6084e+03	1.4742e-13
3.6108e+03	1.3344e-13
3.6133e+03	1.3470e-13
3.6157e+03	1.6483e-13
3.6182e+03	1.7530e-13
3.6206e+03	1.5434e-13
3.6230e+03	1.4214e-13
3.6255e+03	1.4341e-13
3.6279e+03	1.5834e-13
3.6304e+03	1.4273e-13
3.6328e+03	1.5498e-13
3.6353e+03	1.4296e-13
3.6377e+03	1.6978e-13
3.6401e+03	1.8781e-13
3.6426e+03	1.5486e-13
3.6450e+03	1.4002e-13
3.6475e+03	1.3001e-13
3.6499e+03	1.2698e-13
3.6523e+03	1.4565e-13
3.6548e+03	1.7067e-13
3.6572e+03	1.5144e-13
3.6597e+03	1.2537e-13
3.6621e+03	1.8656e-13
3.6646e+03	1.9127e-13
3.6670e+03	1.8157e-13
3.6694e+03	1.3813e-13
3.6719e+03	1.5207e-13
3.6743e+03	1.6267e-13
3.6768e+03	1.5267e-13
3.6792e+03	2.4722e-13
3.6816e+03	2.3515e-13
3.6841e+03	2.1184e-13
3.6865e+03	1.6793e-13
3.6890e+03	1.4099e-13
3.6914e+03	1.4858e-13
3.6938e+03	1.9760e-13
3.6963e+03	3.0151e-13
3.6987e+03	2.6454e-13
3.7012e+03	3.0309e-13
3.7036e+03	3.0953e-13
3.7061e+03	3.6409e-13
3.7085e+03	3.3112e-13
3.7109e+03	2.9311e-13
3.7134e+03	2.3633e-13
3.7158e+03	2.1192e-13
3.7183e+03	2.8393e-13
3.7207e+03	2.2632e-13
3.7231e+03	2.4974e-13
3.7256e+03	2.4764e-13
3.7280e+03	2.7146e-13
3.7305e+03	2.3647e-13
3.7329e+03	2.5024e-13
3.7354e+03	2.7004e-13
3.7378e+03	2.2700e-13
3.7402e+03	2.1907e-13
3.7427e+03	2.1105e-13
3.7451e+03	2.2460e-13
3.7476e+03	2.3769e-13
3.7500e+03	2.3460e-13
3.7524e+03	2.2342e-13
3.7549e+03	1.7396e-13
3.7573e+03	1.9538e-13
3.7598e+03	2.3694e-13
3.7622e+03	2.7199e-13
3.7646e+03	2.6223e-13
3.7671e+03	2.0023e-13
3.7695e+03	2.2386e-13
3.7720e+03	2.1629e-13
3.7744e+03	1.5317e-13
3.7769e+03	1.3315e-13
3.7793e+03	1.6832e-13
3.7817e+03	2.1391e-13
3.7842e+03	1.9886e-13
3.7866e+03	2.1455e-13
3.7891e+03	2.0184e-13
3.7915e+03	2.1674e-13
3.7939e+03	2.0684e-13
3.7964e+03	1.9212e-13
3.7988e+03	2.0125e-13
3.8013e+03	1.7771e-13
3.8037e+03	2.3423e-13
3.8062e+03	1.6866e-13
3.8086e+03	1.3678e-13
3.8110e+03	2.1102e-13
3.8135e+03	2.4156e-13
3.8159e+03	2.0903e-13
3.8184e+03	2.1785e-13
3.8208e+03	1.6325e-13
3.8232e+03	2.0818e-13
3.8257e+03	1.5836e-13
3.8281e+03	2.1973e-13
3.8306e+03	3.0110e-13
3.8330e+03	2.5456e-13
3.8354e+03	2.2896e-13
3.8379e+03	2.1884e-13
3.8403e+03	2.0651e-13
3.8428e+03	2.6839e-13
3.8452e+03	2.0842e-13
3.8477e+03	2.0267e-13
3.8501e+03	1.9364e-13
3.8525e+03	2.1817e-13
3.8550e+03	2.2905e-13
3.8574e+03	2.0242e-13
3.8599e+03	2.2467e-13
3.8623e+03	3.1115e-13
3.8647e+03	2.9975e-13
3.8672e+03	2.9057e-13
3.8696e+03	2.9544e-13
3.8721e+03	2.8684e-13
3.8745e+03	2.9174e-13
3.8770e+03	2.5562e-13
3.8794e+03	2.5669e-13
3.8818e+03	2.6037e-13
3.8843e+03	2.4194e-13
3.8867e+03	2.4803e-13
3.8892e+03	2.8470e-13
3.8916e+03	2.3137e-13
3.8940e+03	2.6239e-13
3.8965e+03	2.5613e-13
3.8989e+03	2.1701e-13
3.9014e+03	1.9199e-13
3.9038e+03	2.4837e-13
3.9062e+03	2.3929e-13
3.9087e+03	2.3662e-13
3.9111e+03	2.8048e-13
3.9136e+03	2.4802e-13
3.9160e+03	2.4165e-13
3.9185e+03	2.9445e-13
3.9209e+03	3.1566e-13
3.9233e+03	2.8780e-13
3.9258e+03	2.4260e-13
3.9282e+03	2.5837e-13
3.9307e+03	3.0612e-13
3.9331e+03	2.7224e-13
3.9355e+03	3.0510e-13
3.9380e+03	2.5627e-13
3.9404e+03	2.9415e-13
3.9429e+03	2.3744e-13
3.9453e+03	2.5152e-13
3.9478e+03	2.6447e-13
3.9502e+03	2.6209e-13
3.9526e+03	3.2490e-13
3.9551e+03	3.4625e-13
3.9575e+03	2.3190e-13
3.9600e+03	2.2259e-13
3.9624e+03	2.3755e-13
3.9648e+03	3.0588e-13
3.9673e+03	3.5228e-13
3.9697e+03	3.3758e-13
3.9722e+03	3.5465e-13
3.9746e+03	2.1112e-13
3.9771e+03	2.3043e-13
3.9795e+03	2.3944e-13
3.9819e+03	2.6289e-13
3.9844e+03	1.8228e-13
3.9868e+03	2.0629e-13
3.9893e+03	2.6298e-13
3.9917e+03	2.7413e-13
3.9941e+03	2.1007e-13
3.9966e+03	2.1147e-13
3.9990e+03	2.0511e-13
4.0015e+03	2.1013e-13
4.0039e+03	2.0236e-13
4.0063e+03	2.4597e-13
4.0088e+03	2.7608e-13
4.0112e+03	2.0087e-13
4.0137e+03	2.0993e-13
4.0161e+03	2.2829e-13
4.0186e+03	2.1501e-13
4.0210e+03	2.1399e-13
4.0234e+03	2.3689e-13
4.0259e+03	2.4715e-13
4.0283e+03	2.3735e-13
4.0308e+03	2.0771e-13
4.0332e+03	2.6388e-13
4.0356e+03	2.9569e-13
4.0381e+03	2.2592e-13
4.0405e+03	1.6014e-13
4.0430e+03	1.5643e-13
4.0454e+03	2.0243e-13
4.0479e+03	2.5477e-13
4.0503e+03	2.3130e-13
4.0527e+03	2.4480e-13
4.0552e+03	2.1037e-13
4.0576e+03	1.9950e-13
4.0601e+03	1.8734e-13
4.0625e+03	1.9173e-13
4.0649e+03	2.1412e-13
4.0674e+03	2.1926e-13
4.0698e+03	2.2830e-13
4.0723e+03	2.2295e-13
4.0747e+03	2.2309e-13
4.0771e+03	2.0538e-13
4.0796e+03	1.8838e-13
4.0820e+03	1.8156e-13
4.0845e+03	2.2074e-13
4.0869e+03	2.3668e-13
4.0894e+03	1.9347e-13
4.0918e+03	2.2263e-13
4.0942e+03	2.3790e-13
4.0967e+03	3.0542e-13
4.0991e+03	3.4306e-13
4.1016e+03	3.2453e-13
4.1040e+03	2.6391e-13
4.1064e+03	2.8748e-13
4.1089e+03	2.2783e-13
4.1113e+03	2.0397e-13
4.1138e+03	2.0292e-13
4.1162e+03	2.1752e-13
4.1187e+03	2.0958e-13
4.1211e+03	2.2687e-13
4.1235e+03	2.6254e-13
4.1260e+03	2.3691e-13
4.1284e+03	2.0733e-13
4.1309e+03	1.7073e-13
4.1333e+03	2.4729e-13
4.1357e+03	2.2226e-13
4.1382e+03	1.8300e-13
4.1406e+03	1.6600e-13
4.1431e+03	1.7403e-13
4.1455e+03	2.0176e-13
4.1479e+03	2.1890e-13
4.1504e+03	2.0090e-13
4.1528e+03	2.4173e-13
4.1553e+03	1.6984e-13
4.1577e+03	1.7521e-13
4.1602e+03	2.2884e-13
4.1626e+03	2.1506e-13
4.1650e+03	2.2624e-13
4.1675e+03	2.0419e-13
4.1699e+03	2.2327e-13
4.1724e+03	1.4930e-13
4.1748e+03	1.9164e-13
4.1772e+03	2.1866e-13
4.1797e+03	2.1163e-13
4.1821e+03	2.1256e-13
4.1846e+03	2.2329e-13
4.1870e+03	1.9787e-13
4.1895e+03	1.5301e-13
4.1919e+03	2.0154e-13
4.1943e+03	2.1651e-13
4.1968e+03	1.9603e-13
4.1992e+03	2.0405e-13
4.2017e+03	1.7747e-13
4.2041e+03	1.6380e-13
4.2065e+03	1.5471e-13
4.2090e+03	1.9150e-13
4.2114e+03	2.3312e-13
4.2139e+03	1.8930e-13
4.2163e+03	1.7048e-13
4.2188e+03	2.0106e-13
4.2212e+03	2.4774e-13
4.2236e+03	2.2957e-13
4.2261e+03	2.1073e-13
4.2285e+03	1.9490e-13
4.2310e+03	2.0320e-13
4.2334e+03	1.7825e-13
4.2358e+03	2.0294e-13
4.2383e+03	2.3432e-13
4.2407e+03	2.4946e-13
4.2432e+03	2.5310e-13
4.2456e+03	3.0687e-13
4.2480e+03	2.8713e-13
4.2505e+03	2.4059e-13
4.2529e+03	2.1120e-13
4.2554e+03	1.7268e-13
4.2578e+03	1.7926e-13
4.2603e+03	2.0560e-13
4.2627e+03	1.7031e-13
4.2651e+03	1.6374e-13
4.2676e+03	1.6291e-13
4.2700e+03	1.8461e-13
4.2725e+03	1.8574e-13
4.2749e+03	1.9754e-13
4.2773e+03	1.8740e-13
4.2798e+03	1.8101e-13
4.2822e+03	1.7104e-13
4.2847e+03	1.4865e-13
4.2871e+03	1.6276e-13
4.2896e+03	1.5649e-13
4.2920e+03	1.8901e-13
4.2944e+03	1.8740e-13
4.2969e+03	1.8984e-13
4.2993e+03	1.9260e-13
4.3018e+03	1.2550e-13
4.3042e+03	1.2665e-13
4.3066e+03	1.4014e-13
4.3091e+03	2.0812e-13
4.3115e+03	2.2071e-13
4.3140e+03	1.7370e-13
4.3164e+03	1.6538e-13
4.3188e+03	1.8452e-13
4.3213e+03	1.8609e-13
4.3237e+03	1.6549e-13
4.3262e+03	1.6002e-13
4.3286e+03	1.6643e-13
4.3311e+03	1.7184e-13
4.3335e+03	1.3701e-13
4.3359e+03	1.7759e-13
4.3384e+03	2.0008e-13
4.3408e+03	1.6323e-13
4.3433e+03	1.3929e-13
4.3457e+03	1.5523e-13
4.3481e+03	1.4218e-13
4.3506e+03	1.5265e-13
4.3530e+03	1.6888e-13
4.3555e+03	1.9896e-13
4.3579e+03	1.7067e-13
4.3604e+03	1.2528e-13
4.3628e+03	1.5356e-13
4.3652e+03	1.7869e-13
4.3677e+03	1.6083e-13
4.3701e+03	1.4773e-13
4.3726e+03	1.7028e-13
4.3750e+03	2.1664e-13
4.3774e+03	1.9839e-13
4.3799e+03	1.9987e-13
4.3823e+03	1.6694e-13
4.3848e+03	1.3536e-13
4.3872e+03	1.4142e-13
4.3896e+03	1.6757e-13
4.3921e+03	2.2651e-13
4.3945e+03	1.6652e-13
4.3970e+03	1.5738e-13
4.3994e+03	1.5488e-13
4.4019e+03	1.3774e-13
4.4043e+03	1.6180e-13
4.4067e+03	1.6871e-13
4.4092e+03	1.7074e-13
4.4116e+03	1.7648e-13
4.4141e+03	1.7661e-13
4.4165e+03	1.7521e-13
4.4189e+03	1.4432e-13
4.4214e+03	1.6144e-13
4.4238e+03	1.8804e-13
4.4263e+03	1.8934e-13
4.4287e+03	1.6732e-13
4.4312e+03	1.4216e-13
4.4336e+03	1.6447e-13
4.4360e+03	1.6419e-13
4.4385e+03	1.3426e-13
4.4409e+03	1.5389e-13
4.4434e+03	1.3463e-13
4.4458e+03	1.1586e-13
4.4482e+03	1.4713e-13
4.4507e+03	1.5602e-13
4.4531e+03	1.4351e-13
4.4556e+03	1.5612e-13
4.4580e+03	1.7217e-13
4.4604e+03	1.4153e-13
4.4629e+03	1.4317e-13
4.4653e+03	1.5425e-13
4.4678e+03	1.4613e-13
4.4702e+03	1.5578e-13
4.4727e+03	1.7334e-13
4.4751e+03	1.8077e-13
4.4775e+03	1.7729e-13
4.4800e+03	1.7072e-13
4.4824e+03	1.9316e-13
4.4849e+03	1.5713e-13
4.4873e+03	1.1565e-13
4.4897e+03	1.2692e-13
4.4922e+03	1.4615e-13
4.4946e+03	1.1667e-13
4.4971e+03	1.1930e-13
4.4995e+03	1.0982e-13
4.5020e+03	1.3254e-13
4.5044e+03	1.2913e-13
4.5068e+03	1.0385e-13
4.5093e+03	1.2041e-13
4.5117e+03	1.2123e-13
4.5142e+03	1.4970e-13
4.5166e+03	1.4927e-13
4.5190e+03	8.6338e-14
4.5215e+03	1.0038e-13
4.5239e+03	9.1711e-14
4.5264e+03	9.4892e-14
4.5288e+03	1.0835e-13
4.5312e+03	1.1171e-13
4.5337e+03	1.2154e-13
4.5361e+03	8.3667e-14
4.5386e+03	6.6231e-14
4.5410e+03	1.0868e-13
4.5435e+03	1.0527e-13
4.5459e+03	9.1897e-14
4.5483e+03	9.5464e-14
4.5508e+03	9.4557e-14
4.5532e+03	1.0668e-13
4.5557e+03	9.9600e-14
4.5581e+03	9.6008e-14
4.5605e+03	1.0018e-13
4.5630e+03	9.1646e-14
4.5654e+03	1.0084e-13
4.5679e+03	6.4938e-14
4.5703e+03	6.6747e-14
4.5728e+03	8.0383e-14
4.5752e+03	1.1034e-13
4.5776e+03	9.0980e-14
4.5801e+03	1.0806e-13
4.5825e+03	1.2020e-13
4.5850e+03	1.1650e-13
4.5874e+03	1.0199e-13
4.5898e+03	7.8087e-14
4.5923e+03	8.8765e-14
4.5947e+03	1.0493e-13
4.5972e+03	1.0485e-13
4.5996e+03	1.0406e-13
4.6021e+03	9.4493e-14
4.6045e+03	9.2713e-14
4.6069e+03	9.9279e-14
4.6094e+03	1.0503e-13
4.6118e+03	1.1519e-13
4.6143e+03	9.8530e-14
4.6167e+03	1.0687e-13
4.6191e+03	1.1376e-13
4.6216e+03	1.0966e-13
4.6240e+03	9.7996e-14
4.6265e+03	1.1084e-13
4.6289e+03	1.0868e-13
4.6313e+03	8.7571e-14
4.6338e+03	1.1662e-13
4.6362e+03	1.2850e-13
4.6387e+03	1.4939e-13
4.6411e+03	1.3589e-13
4.6436e+03	1.3582e-13
4.6460e+03	1.1077e-13
4.6484e+03	1.2237e-13
4.6509e+03	1.0784e-13
4.6533e+03	6.4818e-14
4.6558e+03	5.8594e-14
4.6582e+03	5.9429e-14
4.6606e+03	7.7047e-14
4.6631e+03	8.7052e-14
4.6655e+03	1.0064e-13
4.6680e+03	7.6391e-14
4.6704e+03	6.1702e-14
4.6729e+03	6.0947e-14
4.6753e+03	5.4853e-14
4.6777e+03	5.8452e-14
4.6802e+03	7.4623e-14
4.6826e+03	7.1029e-14
4.6851e+03	6.2132e-14
4.6875e+03	4.7857e-14
4.6899e+03	6.2900e-14
4.6924e+03	5.9101e-14
4.6948e+03	5.1869e-14
4.6973e+03	4.7101e-14
4.6997e+03	5.1964e-14
4.7021e+03	4.9949e-14
4.7046e+03	6.1091e-14
4.7070e+03	6.8809e-14
4.7095e+03	5.4493e-14
4.7119e+03	5.7303e-14
4.7144e+03	5.4607e-14
4.7168e+03	5.4557e-14
4.7192e+03	5.6917e-14
4.7217e+03	4.7984e-14
4.7241e+03	5.3983e-14
4.7266e+03	5.6033e-14
4.7290e+03	6.0906e-14
4.7314e+03	5.1088e-14
4.7339e+03	4.3081e-14
4.7363e+03	4.7089e-14
4.7388e+03	4.8095e-14
4.7412e+03	4.3712e-14
4.7437e+03	5.3953e-14
4.7461e+03	5.0368e-14
4.7485e+03	5.0107e-14
4.7510e+03	5.4690e-14
4.7534e+03	6.3327e-14
4.7559e+03	4.7897e-14
4.7583e+03	4.2201e-14
4.7607e+03	5.1228e-14
4.7632e+03	5.1292e-14
4.7656e+03	5.0729e-14
4.7681e+03	5.4444e-14
4.7705e+03	5.2730e-14
4.7729e+03	4.7368e-14
4.7754e+03	4.7252e-14
4.7778e+03	4.8738e-14
4.7803e+03	4.4327e-14
4.7827e+03	5.0188e-14
4.7852e+03	5.1997e-14
4.7876e+03	4.8645e-14
4.7900e+03	4.0742e-14
4.7925e+03	3.7985e-14
4.7949e+03	4.4608e-14
4.7974e+03	4.6530e-14
4.7998e+03	5.8314e-14
4.8022e+03	4.9658e-14
4.8047e+03	4.2553e-14
4.8071e+03	3.5816e-14
4.8096e+03	4.0345e-14
4.8120e+03	3.8939e-14
4.8145e+03	4.1137e-14
4.8169e+03	3.4005e-14
4.8193e+03	3.5010e-14
4.8218e+03	3.5071e-14
4.8242e+03	3.6033e-14
4.8267e+03	3.1013e-14
4.8291e+03	3.8376e-14
4.8315e+03	3.8856e-14
4.8340e+03	3.1078e-14
4.8364e+03	2.7196e-14
4.8389e+03	3.4317e-14
4.8413e+03	2.9336e-14
4.8438e+03	3.3039e-14
4.8462e+03	3.0668e-14
4.8486e+03	2.9996e-14
4.8511e+03	3.5952e-14
4.8535e+03	3.0652e-14
4.8560e+03	2.8864e-14
4.8584e+03	2.9574e-14
4.8608e+03	3.2334e-14
4.8633e+03	2.9934e-14
4.8657e+03	2.7822e-14
4.8682e+03	3.2976e-14
4.8706e+03	4.0838e-14
4.8730e+03	2.9943e-14
4.8755e+03	2.0824e-14
4.8779e+03	2.3468e-14
4.8804e+03	2.5591e-14
4.8828e+03	2.4196e-14
4.8853e+03	2.3461e-14
4.8877e+03	2.2413e-14
4.8901e+03	2.2394e-14
4.8926e+03	2.0123e-14
4.8950e+03	2.1495e-14
4.8975e+03	8.7973e-14
4.8999e+03	3.8141e-13
4.9023e+03	5.1114e-13
4.9048e+03	5.7317e-13
4.9072e+03	4.2548e-13
4.9097e+03	3.7853e-13
4.9121e+03	3.6089e-13
4.9146e+03	3.3468e-13
4.9170e+03	3.8856e-13
4.9194e+03	4.2114e-13
4.9219e+03	4.6687e-13
4.9243e+03	3.8031e-13
4.9268e+03	2.9710e-13
4.9292e+03	3.0311e-13
4.9316e+03	3.4005e-13
4.9341e+03	1.9676e-13
4.9365e+03	1.8690e-13
4.9390e+03	2.3470e-13
4.9414e+03	2.1276e-13
4.9438e+03	1.9804e-13
4.9463e+03	2.0692e-13
4.9487e+03	1.6570e-13
4.9512e+03	1.8681e-13
4.9536e+03	1.5791e-13
4.9561e+03	1.3620e-13
4.9585e+03	1.0578e-13
4.9609e+03	8.5087e-14
4.9634e+03	8.2199e-14
4.9658e+03	7.1556e-14
4.9683e+03	8.2172e-14
4.9707e+03	7.2033e-14
4.9731e+03	6.3012e-14
4.9756e+03	6.2675e-14
4.9780e+03	5.7353e-14
4.9805e+03	4.3479e-14
4.9829e+03	4.5638e-14
4.9854e+03	4.0933e-14
4.9878e+03	3.0910e-14
4.9902e+03	3.5037e-14
4.9927e+03	2.6394e-14
4.9951e+03	2.3078e-14
4.9976e+03	2.8918e-14
5.0000e+03	2.3442e-14
5.0024e+03	2.5671e-14
5.0049e+03	2.0940e-14
5.0073e+03	2.4800e-14
5.0098e+03	2.2849e-14
5.0122e+03	1.7691e-14
5.0146e+03	1.6920e-14
5.0171e+03	1.9995e-14
5.0195e+03	2.5392e-14
5.0220e+03	2.0672e-14
5.0244e+03	1.5972e-14
5.0269e+03	1.0239e-14
5.0293e+03	1.2320e-14
5.0317e+03	1.1890e-14
5.0342e+03	1.0517e-14
5.0366e+03	1.2773e-14
5.0391e+03	1.0660e-14
5.0415e+03	1.0200e-14
5.0439e+03	1.1383e-14
5.0464e+03	8.1566e-15
5.0488e+03	7.8106e-15
5.0513e+03	7.3185e-15
5.0537e+03	9.7797e-15
5.0562e+03	1.1782e-14
5.0586e+03	1.1653e-14
5.0610e+03	9.9946e-15
5.0635e+03	1.1242e-14
5.0659e+03	1.3946e-14
5.0684e+03	1.5934e-14
5.0708e+03	1.1021e-14
5.0732e+03	1.1637e-14
5.0757e+03	1.5919e-14
5.0781e+03	2.4353e-14
5.0806e+03	2.3496e-14
5.0830e+03	1.9149e-14
5.0854e+03	2.6094e-14
5.0879e+03	2.2317e-14
5.0903e+03	2.6040e-14
5.0928e+03	3.0938e-14
5.0952e+03	2.7245e-14
5.0977e+03	4.0794e-14
5.1001e+03	5.2974e-14
5.1025e+03	5.6217e-14
5.1050e+03	5.8160e-14
5.1074e+03	7.2912e-14
5.1099e+03	5.4275e-14
5.1123e+03	6.5498e-14
5.1147e+03	7.8355e-14
5.1172e+03	1.0833e-13
5.1196e+03	1.5008e-13
5.1221e+03	1.6734e-13
5.1245e+03	1.7852e-13
5.1270e+03	1.4945e-13
5.1294e+03	1.9369e-13
5.1318e+03	1.8912e-13
5.1343e+03	2.0537e-13
5.1367e+03	2.4283e-13
5.1392e+03	1.8245e-13
5.1416e+03	1.7521e-13
5.1440e+03	3.0493e-13
5.1465e+03	2.7019e-13
5.1489e+03	2.5237e-13
5.1514e+03	2.9916e-13
5.1538e+03	3.6682e-13
5.1562e+03	3.6435e-13
5.1587e+03	3.7187e-13
5.1611e+03	3.2859e-13
5.1636e+03	3.3789e-13
5.1660e+03	3.3346e-13
5.1685e+03	3.3544e-13
5.1709e+03	4.7363e-13
5.1733e+03	4.5851e-13
5.1758e+03	4.0342e-13
5.1782e+03	1.0375e-13
5.1807e+03	4.4967e-15
5.1831e+03	3.0992e-15
5.1855e+03	3.4147e-15
5.1880e+03	3.1398e-15
5.1904e+03	3.4377e-15
5.1929e+03	3.3535e-15
5.1953e+03	2.7679e-15
5.1978e+03	3.4465e-15
5.2002e+03	3.3942e-15
5.2026e+03	2.5065e-15
5.2051e+03	2.6505e-15
5.2075e+03	3.2043e-15
5.2100e+03	3.0434e-15
5.2124e+03	2.1611e-15
5.2148e+03	2.0363e-15
5.2173e+03	2.7826e-15
5.2197e+03	2.2668e-15
5.2222e+03	2.1315e-15
5.2246e+03	2.3180e-15
5.2271e+03	1.9388e-15
5.2295e+03	1.8202e-15
5.2319e+03	2.0965e-15
5.2344e+03	2.1290e-15
5.2368e+03	2.3020e-15
5.2393e+03	2.3407e-15
5.2417e+03	1.9811e-15
5.2441e+03	1.8005e-15
5.2466e+03	1.9140e-15
5.2490e+03	1.6773e-15
5.2515e+03	1.8268e-15
5.2539e+03	2.0284e-15
5.2563e+03	1.9461e-15
5.2588e+03	1.6024e-15
5.2612e+03	1.4907e-15
5.2637e+03	1.4985e-15
5.2661e+03	1.2035e-15
5.2686e+03	1.2709e-15
5.2710e+03	2.2164e-15
5.2734e+03	3.1875e-15
5.2759e+03	3.2556e-15
5.2783e+03	4.2449e-15
5.2808e+03	4.1064e-15
5.2832e+03	3.1367e-15
5.2856e+03	3.4638e-15
5.2881e+03	3.6573e-15
5.2905e+03	3.6284e-15
5.2930e+03	3.3339e-15
5.2954e+03	3.4694e-15
5.2979e+03	3.3003e-15
5.3003e+03	3.3196e-15
5.3027e+03	3.7375e-15
5.3052e+03	3.7393e-15
5.3076e+03	2.6521e-15
5.3101e+03	2.5969e-15
5.3125e+03	2.4354e-15
5.3149e+03	2.3789e-15
5.3174e+03	2.6040e-15
5.3198e+03	2.6938e-15
5.3223e+03	2.2929e-15
5.3247e+03	2.2678e-15
5.3271e+03	2.3518e-15
5.3296e+03	2.1373e-15
5.3320e+03	1.4261e-15
5.3345e+03	1.1376e-15
5.3369e+03	1.2640e-15
5.3394e+03	9.5355e-16
5.3418e+03	1.0130e-15
5.3442e+03	9.1360e-16
5.3467e+03	8.1839e-16
5.3491e+03	8.5824e-16
5.3516e+03	8.0116e-16
5.3540e+03	7.3868e-16
5.3564e+03	8.7815e-16
5.3589e+03	9.7639e-16
5.3613e+03	6.9208e-16
5.3638e+03	7.9468e-16
5.3662e+03	7.3947e-16
5.3687e+03	5.8112e-16
5.3711e+03	7.3794e-16
5.3735e+03	7.2398e-16
5.3760e+03	7.5709e-16
5.3784e+03	6.7010e-16
5.3809e+03	6.8007e-16
5.3833e+03	5.8841e-16
5.3857e+03	6.1017e-16
5.3882e+03	6.7633e-16
5.3906e+03	6.1270e-16
5.3931e+03	5.9930e-16
5.3955e+03	6.8747e-16
5.3979e+03	6.4579e-16
5.4004e+03	4.4023e-16
5.4028e+03	4.5975e-16
5.4053e+03	5.8589e-16
5.4077e+03	6.0124e-16
5.4102e+03	5.8474e-16
5.4126e+03	8.7961e-16
5.4150e+03	1.2494e-15
5.4175e+03	6.4180e-15
5.4199e+03	5.0516e-14
5.4224e+03	6.7146e-12
5.4248e+03	1.0081e-10
5.4272e+03	2.0654e-10
5.4297e+03	2.1895e-10
5.4321e+03	1.9520e-10
5.4346e+03	1.4178e-10
5.4370e+03	1.6356e-10
5.4395e+03	1.3884e-10
5.4419e+03	1.5657e-10
5.4443e+03	1.6456e-10
5.4468e+03	1.7367e-10
5.4492e+03	1.5890e-10
5.4517e+03	1.2762e-10
5.4541e+03	1.0965e-10
5.4565e+03	1.3889e-10
5.4590e+03	1.1277e-10
5.4614e+03	7.1059e-11
5.4639e+03	9.0081e-11
5.4663e+03	1.0850e-10
5.4688e+03	8.4390e-11
5.4712e+03	9.0190e-11
5.4736e+03	7.8820e-11
5.4761e+03	6.9276e-11
5.4785e+03	7.4335e-11
5.4810e+03	6.0148e-11
5.4834e+03	5.0770e-11
5.4858e+03	3.9205e-11
5.4883e+03	3.4799e-11
5.4907e+03	2.5889e-11
5.4932e+03	2.5458e-11
5.4956e+03	2.6895e-11
5.4980e+03	2.1840e-11
5.5005e+03	1.9710e-11
5.5029e+03	1.4041e-11
5.5054e+03	1.0724e-11
5.5078e+03	9.0531e-12
5.5103e+03	9.5006e-12
5.5127e+03	6.1948e-12
5.5151e+03	6.7199e-12
5.5176e+03	5.7457e-12
5.5200e+03	3.8389e-12
5.5225e+03	4.2537e-12
5.5249e+03	2.8906e-12
5.5273e+03	1.9830e-12
5.5298e+03	2.1311e-12
5.5322e+03	1.7564e-12
5.5347e+03	1.3557e-12
5.5371e+03	8.4564e-13
5.5396e+03	5.4115e-13
5.5420e+03	4.9162e-13
5.5444e+03	4.1897e-13
5.5469e+03	3.6027e-13
5.5493e+03	2.4367e-13
5.5518e+03	1.1024e-13
5.5542e+03	2.5383e-14
5.5566e+03	1.0531e-15
5.5591e+03	2.8213e-16
5.5615e+03	2.7496e-16
5.5640e+03	2.6917e-16
5.5664e+03	2.2638e-16
5.5688e+03	2.8898e-16
5.5713e+03	9.1789e-16
5.5737e+03	2.3714e-14
5.5762e+03	1.0461e-13
5.5786e+03	2.3203e-13
5.5811e+03	3.4742e-13
5.5835e+03	4.0757e-13
5.5859e+03	4.7695e-13
5.5884e+03	5.1595e-13
5.5908e+03	7.9550e-13
5.5933e+03	1.2824e-12
5.5957e+03	1.6657e-12
5.5981e+03	2.0213e-12
5.6006e+03	1.8898e-12
5.6030e+03	2.6833e-12
5.6055e+03	3.9986e-12
5.6079e+03	3.6021e-12
5.6104e+03	5.2995e-12
5.6128e+03	6.2920e-12
5.6152e+03	5.7072e-12
5.6177e+03	8.7244e-12
5.6201e+03	8.3738e-12
5.6226e+03	9.7761e-12
5.6250e+03	1.2725e-11
5.6274e+03	1.7881e-11
5.6299e+03	1.9800e-11
5.6323e+03	2.4248e-11
5.6348e+03	2.3161e-11
5.6372e+03	2.3033e-11
5.6396e+03	3.1118e-11
5.6421e+03	3.4860e-11
5.6445e+03	4.4869e-11
5.6470e+03	5.3278e-11
5.6494e+03	6.5386e-11
5.6519e+03	6.1423e-11
5.6543e+03	6.8521e-11
5.6567e+03	7.9134e-11
5.6592e+03	7.3359e-11
5.6616e+03	9.3948e-11
5.6641e+03	7.8888e-11
5.6665e+03	6.1300e-11
5.6689e+03	9.5182e-11
5.6714e+03	1.1974e-10
5.6738e+03	9.3704e-11
5.6763e+03	1.0792e-10
5.6787e+03	1.3369e-10
5.6812e+03	1.4697e-10
5.6836e+03	1.3849e-10
5.6860e+03	1.3212e-10
5.6885e+03	1.1563e-10
5.6909e+03	1.3642e-10
5.6934e+03	1.1759e-10
5.6958e+03	1.5970e-10
5.6982e+03	1.8077e-10
5.7007e+03	1.7044e-10
5.7031e+03	8.6272e-11
5.7056e+03	6.2208e-12
5.7080e+03	4.1338e-14
5.7104e+03	4.9804e-15
5.7129e+03	9.5089e-16
5.7153e+03	5.6390e-16
5.7178e+03	2.8994e-16
5.7202e+03	2.6006e-16
5.7227e+03	2.3307e-16
5.7251e+03	2.2121e-16
5.7275e+03	1.8410e-16
5.7300e+03	2.2273e-16
5.7324e+03	2.5702e-16
5.7349e+03	2.5500e-16
5.7373e+03	2.6238e-16
5.7397e+03	3.0099e-16
5.7422e+03	2.7642e-16
5.7446e+03	2.6293e-16
5.7471e+03	3.4136e-16
5.7495e+03	3.2589e-16
5.7520e+03	3.8374e-16
5.7544e+03	3.6000e-16
5.7568e+03	3.5504e-16
5.7593e+03	3.1153e-16
5.7617e+03	3.5549e-16
5.7642e+03	3.7007e-16
5.7666e+03	3.7009e-16
5.7690e+03	4.5585e-16
5.7715e+03	3.9561e-16
5.7739e+03	3.5310e-16
5.7764e+03	3.8816e-16
5.7788e+03	4.2182e-16
5.7812e+03	4.0163e-16
5.7837e+03	4.9372e-16
5.7861e+03	5.2011e-16
5.7886e+03	4.2772e-16
5.7910e+03	5.1293e-16
5.7935e+03	5.3619e-16
5.7959e+03	7.6671e-16
5.7983e+03	1.3731e-15
5.8008e+03	1.6975e-15
5.8032e+03	1.7022e-15
5.8057e+03	1.7501e-15
5.8081e+03	1.9536e-15
5.8105e+03	2.0728e-15
5.8130e+03	1.8360e-15
5.8154e+03	1.8805e-15
5.8179e+03	1.9997e-15
5.8203e+03	1.9984e-15
5.8228e+03	2.6006e-15
5.8252e+03	2.5575e-15
5.8276e+03	2.2097e-15
5.8301e+03	2.2867e-15
5.8325e+03	2.1998e-15
5.8350e+03	2.0547e-15
5.8374e+03	2.3727e-15
5.8398e+03	2.1745e-15
5.8423e+03	2.1655e-15
5.8447e+03	2.1586e-15
5.8472e+03	2.5308e-15
5.8496e+03	2.5803e-15
5.8521e+03	1.8617e-15
5.8545e+03	1.8640e-15
5.8569e+03	1.2029e-15
5.8594e+03	6.6118e-16
5.8618e+03	6.1214e-16
5.8643e+03	7.2634e-16
5.8667e+03	8.1125e-16
5.8691e+03	7.7273e-16
5.8716e+03	9.1187e-16
5.8740e+03	1.0447e-15
5.8765e+03	1.1656e-15
5.8789e+03	9.1185e-16
5.8813e+03	9.5643e-16
5.8838e+03	8.8466e-16
5.8862e+03	1.0099e-15
5.8887e+03	1.2267e-15
5.8911e+03	1.1826e-15
5.8936e+03	1.0929e-15
5.8960e+03	1.0715e-15
5.8984e+03	1.0083e-15
5.9009e+03	1.0627e-15
5.9033e+03	1.2224e-15
5.9058e+03	1.1153e-15
5.9082e+03	1.2341e-15
5.9106e+03	1.5643e-15
5.9131e+03	1.1151e-15
5.9155e+03	1.1344e-15
5.9180e+03	1.3181e-15
5.9204e+03	1.4144e-15
5.9229e+03	1.3357e-15
5.9253e+03	1.3236e-15
5.9277e+03	1.7639e-15
5.9302e+03	1.9072e-15
5.9326e+03	1.5371e-15
5.9351e+03	1.6204e-15
5.9375e+03	1.6341e-15
5.9399e+03	1.4811e-15
5.9424e+03	1.8632e-15
5.9448e+03	1.9626e-15
5.9473e+03	1.3363e-14
5.9497e+03	9.3484e-13
5.9521e+03	3.9582e-12
5.9546e+03	4.7502e-12
5.9570e+03	4.8754e-12
5.9595e+03	3.4937e-12
5.9619e+03	3.4125e-12
5.9644e+03	3.4527e-12
5.9668e+03	3.2336e-12
5.9692e+03	3.7673e-12
5.9717e+03	3.7910e-12
5.9741e+03	3.8982e-12
5.9766e+03	3.1668e-12
5.9790e+03	2.6084e-12
5.9814e+03	2.7749e-12
5.9839e+03	3.1733e-12
5.9863e+03	1.8315e-12
5.9888e+03	1.8029e-12
5.9912e+03	2.4714e-12
5.9937e+03	2.1741e-12
5.9961e+03	1.9719e-12
5.9985e+03	2.0492e-12
6.0010e+03	1.5671e-12
6.0034e+03	1.7870e-12
6.0059e+03	1.5556e-12
6.0083e+03	1.3686e-12
6.0107e+03	1.0423e-12
6.0132e+03	8.3330e-13
6.0156e+03	7.1041e-13
6.0181e+03	5.4582e-13
6.0205e+03	6.6848e-13
6.0229e+03	5.6516e-13
6.0254e+03	5.0777e-13
6.0278e+03	4.2223e-13
6.0303e+03	3.0782e-13
6.0327e+03	2.2733e-13
6.0352e+03	2.4355e-13
6.0376e+03	1.9005e-13
6.0400e+03	1.5331e-13
6.0425e+03	1.7346e-13
6.0449e+03	1.1227e-13
6.0474e+03	1.1157e-13
6.0498e+03	1.0641e-13
6.0522e+03	5.9365e-14
6.0547e+03	5.7047e-14
6.0571e+03	4.7777e-14
6.0596e+03	4.3931e-14
6.0620e+03	3.3319e-14
6.0645e+03	2.0709e-14
6.0669e+03	1.7512e-14
6.0693e+03	1.6079e-14
6.0718e+03	1.6567e-14
6.0742e+03	1.0373e-14
6.0767e+03	6.2867e-15
6.0791e+03	4.9554e-15
6.0815e+03	3.8667e-15
6.0840e+03	5.0611e-15
6.0864e+03	4.5113e-15
6.0889e+03	4.7663e-15
6.0913e+03	5.5351e-15
6.0938e+03	4.6335e-15
6.0962e+03	5.1743e-15
6.0986e+03	5.0160e-15
6.1011e+03	5.5974e-15
6.1035e+03	1.1748e-14
6.1060e+03	1.6288e-14
6.1084e+03	2.2221e-14
6.1108e+03	1.8088e-14
6.1133e+03	2.0014e-14
6.1157e+03	2.6611e-14
6.1182e+03	4.0832e-14
6.1206e+03	5.1419e-14
6.1230e+03	5.3230e-14
6.1255e+03	6.1063e-14
6.1279e+03	6.2550e-14
6.1304e+03	1.0957e-13
6.1328e+03	1.0905e-13
6.1353e+03	1.2348e-13
6.1377e+03	1.7987e-13
6.1401e+03	1.5945e-13
6.1426e+03	2.0983e-13
6.1450e+03	2.5709e-13
6.1475e+03	2.4482e-13
6.1499e+03	3.2904e-13
6.1523e+03	4.4715e-13
6.1548e+03	5.2580e-13
6.1572e+03	5.9932e-13
6.1597e+03	6.8936e-13
6.1621e+03	5.8261e-13
6.1646e+03	7.7098e-13
6.1670e+03	8.7361e-13
6.1694e+03	1.0746e-12
6.1719e+03	1.3909e-12
6.1743e+03	1.6078e-12
6.1768e+03	1.8598e-12
6.1792e+03	1.6673e-12
6.1816e+03	2.1816e-12
6.1841e+03	2.0558e-12
6.1865e+03	2.3109e-12
6.1890e+03	2.5393e-12
6.1914e+03	1.8537e-12
6.1938e+03	2.0005e-12
6.1963e+03	3.4501e-12
6.1987e+03	2.9508e-12
6.2012e+03	2.8518e-12
6.2036e+03	3.5191e-12
6.2061e+03	4.3345e-12
6.2085e+03	4.1015e-12
6.2109e+03	4.0093e-12
6.2134e+03	3.4124e-12
6.2158e+03	3.7624e-12
6.2183e+03	3.6869e-12
6.2207e+03	3.9572e-12
6.2231e+03	5.4059e-12
6.2256e+03	5.1588e-12
6.2280e+03	4.0221e-12
6.2305e+03	8.3245e-13
6.2329e+03	1.4990e-14
6.2354e+03	7.8952e-15
6.2378e+03	8.2513e-15
6.2402e+03	8.2321e-15
6.2427e+03	8.7046e-15
6.2451e+03	8.4327e-15
6.2476e+03	8.9589e-15
6.2500e+03	8.6506e-15
6.2524e+03	7.7264e-15
6.2549e+03	1.0717e-14
6.2573e+03	1.4471e-14
6.2598e+03	1.1793e-14
6.2622e+03	1.0384e-14
6.2646e+03	1.0873e-14
6.2671e+03	1.1319e-14
6.2695e+03	1.0353e-14
6.2720e+03	1.0160e-14
6.2744e+03	1.0610e-14
6.2769e+03	1.2611e-14
6.2793e+03	1.0530e-14
6.2817e+03	1.0305e-14
6.2842e+03	1.1129e-14
6.2866e+03	1.0224e-14
6.2891e+03	1.1871e-14
6.2915e+03	9.1535e-15
6.2939e+03	1.0439e-14
6.2964e+03	1.3343e-14
6.2988e+03	1.2908e-14
6.3013e+03	1.0316e-14
6.3037e+03	1.2399e-14
6.3062e+03	1.2221e-14
6.3086e+03	1.1752e-14
6.3110e+03	1.1350e-14
6.3135e+03	1.3915e-14
6.3159e+03	1.3353e-14
6.3184e+03	1.3725e-14
6.3208e+03	1.1682e-14
6.3232e+03	1.4347e-14
6.3257e+03	1.6715e-14
6.3281e+03	1.9788e-14
6.3306e+03	1.5799e-14
6.3330e+03	1.5825e-14
6.3354e+03	1.2954e-14
6.3379e+03	1.3744e-14
6.3403e+03	1.6063e-14
6.3428e+03	1.7272e-14
6.3452e+03	1.7039e-14
6.3477e+03	1.5286e-14
6.3501e+03	1.7077e-14
6.3525e+03	1.6185e-14
6.3550e+03	1.5988e-14
6.3574e+03	1.7952e-14
6.3599e+03	1.8804e-14
6.3623e+03	1.7133e-14
6.3647e+03	1.7741e-14
6.3672e+03	1.8149e-14
6.3696e+03	1.4242e-14
6.3721e+03	1.6026e-14
6.3745e+03	2.1483e-14
6.3770e+03	1.8259e-14
6.3794e+03	1.6768e-14
6.3818e+03	1.6022e-14
6.3843e+03	1.6527e-14
6.3867e+03	1.3456e-14
6.3892e+03	1.4413e-14
6.3916e+03	1.4469e-14
6.3940e+03	1.3109e-14
6.3965e+03	1.5417e-14
6.3989e+03	1.8549e-14
6.4014e+03	1.6194e-14
6.4038e+03	1.5299e-14
6.4062e+03	1.3962e-14
6.4087e+03	1.6467e-14
6.4111e+03	1.5789e-14
6.4136e+03	1.5344e-14
6.4160e+03	1.6169e-14
6.4185e+03	1.5396e-14
6.4209e+03	1.9382e-14
6.4233e+03	1.7710e-14
6.4258e+03	1.4287e-14
6.4282e+03	1.4787e-14
6.4307e+03	1.3015e-14
6.4331e+03	1.4337e-14
6.4355e+03	1.6198e-14
6.4380e+03	1.7658e-14
6.4404e+03	1.3169e-14
6.4429e+03	1.6867e-14
6.4453e+03	1.9954e-14
6.4478e+03	2.0572e-14
6.4502e+03	1.6034e-14
6.4526e+03	1.4853e-14
6.4551e+03	1.6474e-14
6.4575e+03	1.6387e-14
6.4600e+03	1.9809e-14
6.4624e+03	2.7306e-14
6.4648e+03	2.3224e-14
6.4673e+03	2.0661e-14
6.4697e+03	1.6004e-14
6.4722e+03	1.5481e-14
6.4746e+03	2.5506e-14
6.4771e+03	1.0718e-13
6.4795e+03	1.6263e-13
6.4819e+03	1.5595e-13
6.4844e+03	1.5585e-13
6.4868e+03	1.3439e-13
6.4893e+03	1.6078e-13
6.4917e+03	1.3980e-13
6.4941e+03	1.3318e-13
6.4966e+03	1.1375e-13
6.4990e+03	1.2391e-13
6.5015e+03	1.1639e-13
6.5039e+03	9.7897e-14
6.5063e+03	1.0185e-13
6.5088e+03	1.2371e-13
6.5112e+03	9.9493e-14
6.5137e+03	6.4874e-14
6.5161e+03	9.1640e-14
6.5186e+03	9.5824e-14
6.5210e+03	7.9048e-14
6.5234e+03	8.4192e-14
6.5259e+03	7.0063e-14
6.5283e+03	7.5766e-14
6.5308e+03	8.0435e-14
6.5332e+03	7.3572e-14
6.5356e+03	5.3451e-14
6.5381e+03	3.9587e-14
6.5405e+03	4.6646e-14
6.5430e+03	4.4676e-14
6.5454e+03	4.7486e-14
6.5479e+03	4.4330e-14
6.5503e+03	3.5743e-14
6.5527e+03	3.8998e-14
6.5552e+03	3.0026e-14
6.5576e+03	2.4315e-14
6.5601e+03	2.1215e-14
6.5625e+03	3.2110e-14
6.5649e+03	2.6850e-14
6.5674e+03	2.9106e-14
6.5698e+03	2.6305e-14
6.5723e+03	2.8380e-14
6.5747e+03	3.1124e-14
6.5771e+03	2.4403e-14
6.5796e+03	2.1292e-14
6.5820e+03	2.1641e-14
6.5845e+03	2.4894e-14
6.5869e+03	2.6503e-14
6.5894e+03	1.4802e-14
6.5918e+03	1.8925e-14
6.5942e+03	2.7916e-14
6.5967e+03	2.5481e-14
6.5991e+03	2.4825e-14
6.6016e+03	2.1877e-14
6.6040e+03	2.0133e-14
6.6064e+03	2.1744e-14
6.6089e+03	1.8246e-14
6.6113e+03	3.2097e-14
6.6138e+03	3.1947e-14
6.6162e+03	2.6526e-14
6.6187e+03	2.6517e-14
6.6211e+03	2.2520e-14
6.6235e+03	2.8187e-14
6.6260e+03	2.8738e-14
6.6284e+03	2.4681e-14
6.6309e+03	3.0460e-14
6.6333e+03	2.9789e-14
6.6357e+03	3.6482e-14
6.6382e+03	2.9679e-14
6.6406e+03	2.6556e-14
6.6431e+03	3.5945e-14
6.6455e+03	4.8367e-14
6.6479e+03	4.2798e-14
6.6504e+03	4.4846e-14
6.6528e+03	4.5197e-14
6.6553e+03	4.1624e-14
6.6577e+03	3.9055e-14
6.6602e+03	3.4765e-14
6.6626e+03	3.7250e-14
6.6650e+03	3.5586e-14
6.6675e+03	3.7147e-14
6.6699e+03	5.0849e-14
6.6724e+03	3.9812e-14
6.6748e+03	4.0119e-14
6.6772e+03	4.7196e-14
6.6797e+03	4.3065e-14
6.6821e+03	4.2655e-14
6.6846e+03	5.5244e-14
6.6870e+03	4.9371e-14
6.6895e+03	4.2115e-14
6.6919e+03	4.8590e-14
6.6943e+03	5.2350e-14
6.6968e+03	5.4341e-14
6.6992e+03	6.3041e-14
6.7017e+03	8.2858e-14
6.7041e+03	7.6699e-14
6.7065e+03	7.3679e-14
6.7090e+03	7.9406e-14
6.7114e+03	8.8325e-14
6.7139e+03	1.0338e-13
6.7163e+03	8.7320e-14
6.7188e+03	8.2079e-14
6.7212e+03	1.0225e-13
6.7236e+03	1.1446e-13
6.7261e+03	1.0174e-13
6.7285e+03	1.1852e-13
6.7310e+03	1.3215e-13
6.7334e+03	1.3049e-13
6.7358e+03	1.5341e-13
6.7383e+03	1.2464e-13
6.7407e+03	1.0589e-13
6.7432e+03	1.1565e-13
6.7456e+03	1.2919e-13
6.7480e+03	1.8455e-13
6.7505e+03	1.8429e-13
6.7529e+03	1.8876e-13
6.7554e+03	9.9124e-14
6.7578e+03	2.7340e-14
6.7603e+03	2.8506e-14
6.7627e+03	3.1466e-14
6.7651e+03	2.7634e-14
6.7676e+03	2.1539e-14
6.7700e+03	2.9437e-14
6.7725e+03	3.5658e-14
6.7749e+03	2.9859e-14
6.7773e+03	2.5303e-14
6.7798e+03	2.4016e-14
6.7822e+03	2.7439e-14
6.7847e+03	2.5149e-14
6.7871e+03	2.7276e-14
6.7896e+03	3.2911e-14
6.7920e+03	3.1247e-14
6.7944e+03	2.4076e-14
6.7969e+03	2.9039e-14
6.7993e+03	2.8563e-14
6.8018e+03	2.7583e-14
6.8042e+03	2.7861e-14
6.8066e+03	3.0987e-14
6.8091e+03	3.0852e-14
6.8115e+03	2.7217e-14
6.8140e+03	2.8500e-14
6.8164e+03	3.6369e-14
6.8188e+03	3.4855e-14
6.8213e+03	2.3829e-14
6.8237e+03	2.1905e-14
6.8262e+03	2.1730e-14
6.8286e+03	3.1042e-14
6.8311e+03	2.9038e-14
6.8335e+03	2.9425e-14
6.8359e+03	3.1435e-14
6.8384e+03	2.5510e-14
6.8408e+03	2.6681e-14
6.8433e+03	2.4679e-14
6.8457e+03	2.8849e-14
6.8481e+03	3.0321e-14
6.8506e+03	3.1224e-14
6.8530e+03	3.4250e-14
6.8555e+03	3.2187e-14
6.8579e+03	3.0842e-14
6.8604e+03	2.7215e-14
6.8628e+03	2.8365e-14
6.8652e+03	2.9520e-14
6.8677e+03	3.3853e-14
6.8701e+03	2.9662e-14
6.8726e+03	2.8283e-14
6.8750e+03	3.7966e-14
6.8774e+03	4.0402e-14
6.8799e+03	4.8124e-14
6.8823e+03	5.3316e-14
6.8848e+03	4.2264e-14
6.8872e+03	3.8161e-14
6.8896e+03	3.7678e-14
6.8921e+03	3.4076e-14
6.8945e+03	3.1311e-14
6.8970e+03	3.5192e-14
6.8994e+03	3.2537e-14
6.9019e+03	3.4870e-14
6.9043e+03	3.8764e-14
6.9067e+03	4.1991e-14
6.9092e+03	2.9566e-14
6.9116e+03	2.3171e-14
6.9141e+03	2.5729e-14
6.9165e+03	3.2031e-14
6.9189e+03	2.5107e-14
6.9214e+03	2.2163e-14
6.9238e+03	2.2261e-14
6.9263e+03	2.4014e-14
6.9287e+03	2.8715e-14
6.9312e+03	2.7452e-14
6.9336e+03	2.9987e-14
6.9360e+03	2.8775e-14
6.9385e+03	2.2119e-14
6.9409e+03	2.8353e-14
6.9434e+03	3.1540e-14
6.9458e+03	2.9541e-14
6.9482e+03	2.8509e-14
6.9507e+03	2.7371e-14
6.9531e+03	2.5665e-14
6.9556e+03	2.1043e-14
6.9580e+03	3.0476e-14
6.9604e+03	2.7679e-14
6.9629e+03	2.9264e-14
6.9653e+03	2.7826e-14
6.9678e+03	3.1005e-14
6.9702e+03	2.3162e-14
6.9727e+03	2.2277e-14
6.9751e+03	3.0748e-14
6.9775e+03	2.5980e-14
6.9800e+03	2.7673e-14
6.9824e+03	2.5870e-14
6.9849e+03	2.3594e-14
6.9873e+03	2.2289e-14
6.9897e+03	2.3877e-14
6.9922e+03	2.9086e-14
6.9946e+03	3.1527e-14
6.9971e+03	2.1939e-14
6.9995e+03	2.5987e-14
7.0020e+03	3.7951e-14
7.0044e+03	5.6254e-14
7.0068e+03	4.8923e-14
7.0093e+03	4.7513e-14
7.0117e+03	4.3611e-14
7.0142e+03	4.3292e-14
7.0166e+03	4.3524e-14
7.0190e+03	4.6756e-14
7.0215e+03	4.8188e-14
7.0239e+03	4.0636e-14
7.0264e+03	5.8551e-14
7.0288e+03	5.4027e-14
7.0312e+03	4.7658e-14
7.0337e+03	4.8249e-14
7.0361e+03	4.3629e-14
7.0386e+03	2.5565e-14
7.0410e+03	3.3473e-14
7.0435e+03	3.7925e-14
7.0459e+03	3.4285e-14
7.0483e+03	3.2872e-14
7.0508e+03	3.1583e-14
7.0532e+03	3.2677e-14
7.0557e+03	3.7946e-14
7.0581e+03	3.6718e-14
7.0605e+03	3.3157e-14
7.0630e+03	3.0772e-14
7.0654e+03	2.6151e-14
7.0679e+03	2.6435e-14
7.0703e+03	2.4513e-14
7.0728e+03	2.7580e-14
7.0752e+03	3.0272e-14
7.0776e+03	2.5898e-14
7.0801e+03	2.8777e-14
7.0825e+03	2.2470e-14
7.0850e+03	1.8467e-14
7.0874e+03	2.1369e-14
7.0898e+03	2.6739e-14
7.0923e+03	3.1292e-14
7.0947e+03	2.7498e-14
7.0972e+03	2.3046e-14
7.0996e+03	2.6541e-14
7.1021e+03	2.7521e-14
7.1045e+03	2.4685e-14
7.1069e+03	2.4013e-14
7.1094e+03	2.4665e-14
7.1118e+03	2.8164e-14
7.1143e+03	2.3094e-14
7.1167e+03	2.0385e-14
7.1191e+03	2.9421e-14
7.1216e+03	2.8368e-14
7.1240e+03	2.0511e-14
7.1265e+03	2.1805e-14
7.1289e+03	2.0763e-14
7.1313e+03	2.1457e-14
7.1338e+03	2.2994e-14
7.1362e+03	2.9616e-14
7.1387e+03	2.9698e-14
7.1411e+03	2.2343e-14
7.1436e+03	1.8986e-14
7.1460e+03	2.5492e-14
7.1484e+03	2.2789e-14
7.1509e+03	2.5188e-14
7.1533e+03	2.5471e-14
7.1558e+03	5.8186e-14
7.1582e+03	5.9254e-14
7.1606e+03	6.4844e-14
7.1631e+03	5.6687e-14
7.1655e+03	4.0225e-14
7.1680e+03	3.7265e-14
7.1704e+03	4.0163e-14
7.1729e+03	5.6094e-14
7.1753e+03	5.1048e-14
7.1777e+03	4.5409e-14
7.1802e+03	4.3893e-14
7.1826e+03	4.1258e-14
7.1851e+03	3.5704e-14
7.1875e+03	4.4017e-14
7.1899e+03	3.6258e-14
7.1924e+03	3.8753e-14
7.1948e+03	4.1089e-14
7.1973e+03	4.5646e-14
7.1997e+03	3.5133e-14
7.2021e+03	3.3571e-14
7.2046e+03	3.5724e-14
7.2070e+03	4.2683e-14
7.2095e+03	3.7843e-14
7.2119e+03	3.2423e-14
7.2144e+03	3.0231e-14
7.2168e+03	3.1407e-14
7.2192e+03	2.8515e-14
7.2217e+03	2.8515e-14
7.2241e+03	3.5145e-14
7.2266e+03	3.1814e-14
7.2290e+03	3.2564e-14
7.2314e+03	3.1676e-14
7.2339e+03	3.3977e-14
7.2363e+03	3.0855e-14
7.2388e+03	4.2346e-14
7.2412e+03	3.9049e-14
7.2437e+03	2.9312e-14
7.2461e+03	3.0981e-14
7.2485e+03	3.4193e-14
7.2510e+03	3.1831e-14
7.2534e+03	3.8475e-14
7.2559e+03	4.2475e-14
7.2583e+03	4.8561e-14
7.2607e+03	4.4068e-14
7.2632e+03	4.7269e-14
7.2656e+03	4.5088e-14
7.2681e+03	3.1054e-14
7.2705e+03	2.9954e-14
7.2729e+03	4.2910e-14
7.2754e+03	4.3931e-14
7.2778e+03	3.7393e-14
7.2803e+03	3.5067e-14
7.2827e+03	2.0700e-14
7.2852e+03	2.3878e-14
7.2876e+03	1.6385e-14
7.2900e+03	1.7724e-14
7.2925e+03	1.8922e-14
7.2949e+03	2.1467e-14
7.2974e+03	2.6955e-14
7.2998e+03	2.0663e-14
7.3022e+03	1.4907e-14
7.3047e+03	1.6646e-14
7.3071e+03	1.3495e-14
7.3096e+03	1.7719e-14
7.3120e+03	1.6075e-14
7.3145e+03	2.1465e-14
7.3169e+03	1.7767e-14
7.3193e+03	1.0741e-14
7.3218e+03	1.4451e-14
7.3242e+03	2.2591e-14
7.3267e+03	1.6297e-14
7.3291e+03	1.6509e-14
7.3315e+03	1.4509e-14
7.3340e+03	1.8844e-14
7.3364e+03	1.9886e-14
7.3389e+03	1.6558e-14
7.3413e+03	1.6367e-14
7.3438e+03	1.6554e-14
7.3462e+03	1.9111e-14
7.3486e+03	1.6915e-14
7.3511e+03	1.2329e-14
7.3535e+03	1.3748e-14
7.3560e+03	1.8830e-14
7.3584e+03	1.9610e-14
7.3608e+03	1.9963e-14
7.3633e+03	2.3433e-14
7.3657e+03	2.2192e-14
7.3682e+03	2.3307e-14
7.3706e+03	2.0258e-14
7.3730e+03	1.9516e-14
7.3755e+03	2.6320e-14
7.3779e+03	3.0371e-14
7.3804e+03	3.2314e-14
7.3828e+03	2.5840e-14
7.3853e+03	2.7743e-14
7.3877e+03	2.9658e-14
7.3901e+03	3.0480e-14
7.3926e+03	3.4925e-14
7.3950e+03	2.6619e-14
7.3975e+03	2.3771e-14
7.3999e+03	4.0806e-14
7.4023e+03	4.0049e-14
7.4048e+03	3.5260e-14
7.4072e+03	3.3395e-14
7.4097e+03	4.3494e-14
7.4121e+03	3.2312e-14
7.4146e+03	3.8656e-14
7.4170e+03	4.6002e-14
7.4194e+03	4.8967e-14
7.4219e+03	5.0423e-14
7.4243e+03	4.4414e-14
7.4268e+03	5.0841e-14
7.4292e+03	4.5189e-14
7.4316e+03	4.9432e-14
7.4341e+03	2.4097e-14
7.4365e+03	1.1974e-14
7.4390e+03	1.0817e-14
7.4414e+03	1.3351e-14
7.4438e+03	1.5916e-14
7.4463e+03	1.6024e-14
7.4487e+03	1.6861e-14
7.4512e+03	1.2280e-14
7.4536e+03	1.1775e-14
7.4561e+03	1.1130e-14
7.4585e+03	1.0299e-14
7.4609e+03	1.2867e-14
7.4634e+03	1.3205e-14
7.4658e+03	1.2871e-14
7.4683e+03	1.1271e-14
7.4707e+03	1.0695e-14
7.4731e+03	1.1798e-14
7.4756e+03	1.1100e-14
7.4780e+03	1.0806e-14
7.4805e+03	1.0215e-14
7.4829e+03	9.9254e-15
7.4854e+03	9.3245e-15
7.4878e+03	1.2616e-14
7.4902e+03	1.2625e-14
7.4927e+03	1.1770e-14
7.4951e+03	1.2669e-14
7.4976e+03	1.0956e-14
7.5000e+03	1.2077e-14
7.5024e+03	1.0896e-14
7.5049e+03	1.0283e-14
7.5073e+03	1.1220e-14
7.5098e+03	1.0997e-14
7.5122e+03	1.0264e-14
7.5146e+03	9.2982e-15
7.5171e+03	7.6049e-15
7.5195e+03	1.0192e-14
7.5220e+03	8.8004e-15
7.5244e+03	8.9457e-15
7.5269e+03	1.1694e-14
7.5293e+03	1.5585e-14
7.5317e+03	1.5776e-14
7.5342e+03	1.6458e-14
7.5366e+03	1.6187e-14
7.5391e+03	1.3333e-14
7.5415e+03	1.4296e-14
7.5439e+03	1.4798e-14
7.5464e+03	1.3993e-14
7.5488e+03	1.4324e-14
7.5513e+03	1.7257e-14
7.5537e+03	1.7797e-14
7.5562e+03	1.6940e-14
7.5586e+03	1.4463e-14
7.5610e+03	1.4395e-14
7.5635e+03	1.1439e-14
7.5659e+03	1.3336e-14
7.5684e+03	1.1856e-14
7.5708e+03	1.1825e-14
7.5732e+03	1.0227e-14
7.5757e+03	1.1001e-14
7.5781e+03	1.2298e-14
7.5806e+03	1.4030e-14
7.5830e+03	1.4483e-14
7.5854e+03	1.1388e-14
7.5879e+03	9.7476e-15
7.5903e+03	1.0025e-14
7.5928e+03	1.0143e-14
7.5952e+03	8.9881e-15
7.5977e+03	8.5625e-15
7.6001e+03	8.7287e-15
7.6025e+03	8.4156e-15
7.6050e+03	7.9725e-15
7.6074e+03	8.4866e-15
7.6099e+03	8.4584e-15
7.6123e+03	9.2280e-15
7.6147e+03	8.1457e-15
7.6172e+03	7.7619e-15
7.6196e+03	8.5646e-15
7.6221e+03	7.7652e-15
7.6245e+03	7.2495e-15
7.6270e+03	8.5592e-15
7.6294e+03	7.3268e-15
7.6318e+03	7.9831e-15
7.6343e+03	8.3605e-15
7.6367e+03	7.8834e-15
7.6392e+03	7.1938e-15
7.6416e+03	7.7350e-15
7.6440e+03	7.9707e-15
7.6465e+03	6.7320e-15
7.6489e+03	6.9178e-15
7.6514e+03	8.8527e-15
7.6538e+03	8.8400e-15
7.6562e+03	5.6352e-15
7.6587e+03	4.8767e-15
7.6611e+03	7.0448e-15
7.6636e+03	8.1684e-15
7.6660e+03	6.4507e-15
7.6685e+03	5.4233e-15
7.6709e+03	6.2888e-15
7.6733e+03	6.1471e-15
7.6758e+03	5.9424e-15
7.6782e+03	1.1377e-14
7.6807e+03	1.4292e-13
7.6831e+03	3.0870e-13
7.6855e+03	3.4032e-13
7.6880e+03	3.2026e-13
7.6904e+03	2.2779e-13
7.6929e+03	2.3687e-13
7.6953e+03	2.0655e-13
7.6978e+03	2.3090e-13
7.7002e+03	2.5432e-13
7.7026e+03	2.6766e-13
7.7051e+03	2.5736e-13
7.7075e+03	2.0491e-13
7.7100e+03	1.7489e-13
7.7124e+03	2.1037e-13
7.7148e+03	1.7264e-13
7.7173e+03	1.1107e-13
7.7197e+03	1.3320e-13
7.7222e+03	1.6022e-13
7.7246e+03	1.2683e-13
7.7271e+03	1.3267e-13
7.7295e+03	1.1822e-13
7.7319e+03	1.0362e-13
7.7344e+03	1.1537e-13
7.7368e+03	8.8540e-14
7.7393e+03	7.7008e-14
7.7417e+03	5.7641e-14
7.7441e+03	5.0402e-14
7.7466e+03	4.3428e-14
7.7490e+03	4.5564e-14
7.7515e+03	5.1799e-14
7.7539e+03	3.9723e-14
7.7563e+03	3.6959e-14
7.7588e+03	3.4338e-14
7.7612e+03	2.7409e-14
7.7637e+03	2.2443e-14
7.7661e+03	2.9951e-14
7.7686e+03	1.8518e-14
7.7710e+03	1.8095e-14
7.7734e+03	1.7665e-14
7.7759e+03	1.3392e-14
7.7783e+03	1.6549e-14
7.7808e+03	1.4890e-14
7.7832e+03	1.4027e-14
7.7856e+03	1.4383e-14
7.7881e+03	1.3508e-14
7.7905e+03	1.5656e-14
7.7930e+03	1.0407e-14
7.7954e+03	9.1159e-15
7.7979e+03	8.9215e-15
7.8003e+03	1.3139e-14
7.8027e+03	1.2427e-14
7.8052e+03	1.0729e-14
7.8076e+03	5.8493e-15
7.8101e+03	4.4600e-15
7.8125e+03	4.8402e-15
7.8149e+03	3.5926e-15
7.8174e+03	4.4121e-15
7.8198e+03	4.3313e-15
7.8223e+03	3.9168e-15
7.8247e+03	4.6048e-15
7.8271e+03	3.0680e-15
7.8296e+03	2.7933e-15
7.8320e+03	2.9996e-15
7.8345e+03	3.5195e-15
7.8369e+03	4.6696e-15
7.8394e+03	5.1679e-15
7.8418e+03	5.1316e-15
7.8442e+03	4.0370e-15
7.8467e+03	4.0000e-15
7.8491e+03	7.3014e-15
7.8516e+03	6.4771e-15
7.8540e+03	5.6858e-15
7.8564e+03	5.6847e-15
7.8589e+03	9.2365e-15
7.8613e+03	1.3721e-14
7.8638e+03	1.1205e-14
7.8662e+03	1.2458e-14
7.8687e+03	1.4559e-14
7.8711e+03	1.2918e-14
7.8735e+03	1.9399e-14
7.8760e+03	1.6203e-14
7.8784e+03	1.9917e-14
7.8809e+03	2.6661e-14
7.8833e+03	3.3821e-14
7.8857e+03	3.4499e-14
7.8882e+03	4.3592e-14
7.8906e+03	4.2416e-14
7.8931e+03	3.8408e-14
7.8955e+03	4.9723e-14
7.8979e+03	5.6668e-14
7.9004e+03	7.9650e-14
7.9028e+03	1.0094e-13
7.9053e+03	1.1598e-13
7.9077e+03	1.0669e-13
7.9102e+03	1.1097e-13
7.9126e+03	1.3395e-13
7.9150e+03	1.2368e-13
7.9175e+03	1.5740e-13
7.9199e+03	1.4159e-13
7.9224e+03	1.0322e-13
7.9248e+03	1.5805e-13
7.9272e+03	2.0770e-13
7.9297e+03	1.6363e-13
7.9321e+03	1.7910e-13
7.9346e+03	2.1909e-13
7.9370e+03	2.4310e-13
7.9395e+03	2.3268e-13
7.9419e+03	2.3534e-13
7.9443e+03	2.1044e-13
7.9468e+03	2.4351e-13
7.9492e+03	2.0696e-13
7.9517e+03	2.7281e-13
7.9541e+03	3.0777e-13
7.9565e+03	2.9875e-13
7.9590e+03	1.7010e-13
7.9614e+03	1.6312e-14
7.9639e+03	1.9918e-15
7.9663e+03	1.8487e-15
7.9688e+03	2.2918e-15
7.9712e+03	2.2683e-15
7.9736e+03	2.7383e-15
7.9761e+03	1.8260e-15
7.9785e+03	1.6515e-15
7.9810e+03	1.7955e-15
7.9834e+03	1.6538e-15
7.9858e+03	1.5553e-15
7.9883e+03	2.1669e-15
7.9907e+03	2.3677e-15
7.9932e+03	1.8047e-15
7.9956e+03	1.3917e-15
7.9980e+03	1.7179e-15
8.0005e+03	1.6866e-15
8.0029e+03	1.5753e-15
8.0054e+03	1.5115e-15
8.0078e+03	1.6681e-15
8.0103e+03	1.3488e-15
8.0127e+03	1.7154e-15
8.0151e+03	1.8606e-15
8.0176e+03	1.6978e-15
8.0200e+03	1.7854e-15
8.0225e+03	1.6617e-15
8.0249e+03	1.6930e-15
8.0273e+03	1.7449e-15
8.0298e+03	1.4723e-15
8.0322e+03	1.4102e-15
8.0347e+03	1.4917e-15
8.0371e+03	2.0133e-15
8.0396e+03	1.7271e-15
8.0420e+03	1.4201e-15
8.0444e+03	1.4406e-15
8.0469e+03	1.4943e-15
8.0493e+03	1.2121e-15
8.0518e+03	1.7384e-15
8.0542e+03	2.7088e-15
8.0566e+03	3.7782e-15
8.0591e+03	3.8365e-15
8.0615e+03	4.6167e-15
8.0640e+03	3.5915e-15
8.0664e+03	3.2863e-15
8.0688e+03	4.0315e-15
8.0713e+03	3.7421e-15
8.0737e+03	3.6702e-15
8.0762e+03	3.8486e-15
8.0786e+03	4.0804e-15
8.0811e+03	3.7903e-15
8.0835e+03	3.5879e-15
8.0859e+03	3.9654e-15
8.0884e+03	3.3596e-15
8.0908e+03	2.7969e-15
8.0933e+03	2.9620e-15
8.0957e+03	2.6536e-15
8.0981e+03	2.5496e-15
8.1006e+03	2.5947e-15
8.1030e+03	3.0367e-15
8.1055e+03	2.6449e-15
8.1079e+03	3.0203e-15
8.1104e+03	2.5980e-15
8.1128e+03	2.0608e-15
8.1152e+03	1.4363e-15
8.1177e+03	1.7247e-15
8.1201e+03	1.6036e-15
8.1226e+03	1.3987e-15
8.1250e+03	1.2672e-15
8.1274e+03	1.3278e-15
8.1299e+03	1.2265e-15
8.1323e+03	1.3059e-15
8.1348e+03	1.1082e-15
8.1372e+03	1.2550e-15
8.1396e+03	1.3917e-15
8.1421e+03	1.0904e-15
8.1445e+03	9.5820e-16
8.1470e+03	1.2087e-15
8.1494e+03	1.0138e-15
8.1519e+03	9.8335e-16
8.1543e+03	1.0211e-15
8.1567e+03	1.0367e-15
8.1592e+03	1.2163e-15
8.1616e+03	1.0541e-15
8.1641e+03	1.0503e-15
8.1665e+03	9.5169e-16
8.1689e+03	1.0667e-15
8.1714e+03	1.0623e-15
8.1738e+03	9.8936e-16
8.1763e+03	1.0779e-15
8.1787e+03	1.3037e-15
8.1812e+03	9.7902e-16
8.1836e+03	6.5590e-16
8.1860e+03	7.9896e-16
8.1885e+03	9.4550e-16
8.1909e+03	8.0245e-16
8.1934e+03	8.5543e-16
8.1958e+03	8.1224e-16
8.1982e+03	1.4458e-15
8.2007e+03	4.0403e-15
8.2031e+03	7.0710e-14
8.2056e+03	6.8625e-12
8.2080e+03	3.2461e-11
8.2104e+03	4.0715e-11
8.2129e+03	4.1985e-11
8.2153e+03	3.0604e-11
8.2178e+03	2.8896e-11
8.2202e+03	2.9791e-11
8.2227e+03	2.6936e-11
8.2251e+03	3.1669e-11
8.2275e+03	3.1962e-11
8.2300e+03	3.3404e-11
8.2324e+03	2.7171e-11
8.2349e+03	2.2224e-11
8.2373e+03	2.3022e-11
8.2397e+03	2.7059e-11
8.2422e+03	1.5821e-11
8.2446e+03	1.4679e-11
8.2471e+03	2.0292e-11
8.2495e+03	1.8492e-11
8.2520e+03	1.6356e-11
8.2544e+03	1.7277e-11
8.2568e+03	1.3174e-11
8.2593e+03	1.4670e-11
8.2617e+03	1.2710e-11
8.2642e+03	1.1019e-11
8.2666e+03	8.5175e-12
8.2690e+03	7.0102e-12
8.2715e+03	6.0997e-12
8.2739e+03	4.5284e-12
8.2764e+03	5.3837e-12
8.2788e+03	4.6691e-12
8.2812e+03	4.0762e-12
8.2837e+03	3.3278e-12
8.2861e+03	2.3818e-12
8.2886e+03	1.8303e-12
8.2910e+03	1.9026e-12
8.2935e+03	1.5331e-12
8.2959e+03	1.1855e-12
8.2983e+03	1.3189e-12
8.3008e+03	8.7217e-13
8.3032e+03	8.0856e-13
8.3057e+03	7.4806e-13
8.3081e+03	4.2382e-13
8.3105e+03	4.1871e-13
8.3130e+03	3.7918e-13
8.3154e+03	3.1090e-13
8.3179e+03	2.2320e-13
8.3203e+03	1.3347e-13
8.3228e+03	1.0160e-13
8.3252e+03	8.7593e-14
8.3276e+03	8.2758e-14
8.3301e+03	6.2368e-14
8.3325e+03	3.6047e-14
8.3350e+03	1.2584e-14
8.3374e+03	1.5920e-15
8.3398e+03	5.0484e-16
8.3423e+03	4.6320e-16
8.3447e+03	5.2364e-16
8.3472e+03	4.3971e-16
8.3496e+03	4.3267e-16
8.3521e+03	4.9093e-16
8.3545e+03	1.3859e-15
8.3569e+03	1.1859e-14
8.3594e+03	3.2196e-14
8.3618e+03	5.8300e-14
8.3643e+03	7.9603e-14
8.3667e+03	8.6205e-14
8.3691e+03	9.8796e-14
8.3716e+03	1.2395e-13
8.3740e+03	2.0881e-13
8.3765e+03	2.9511e-13
8.3789e+03	3.6345e-13
8.3813e+03	4.0730e-13
8.3838e+03	4.0194e-13
8.3862e+03	7.0774e-13
8.3887e+03	7.8324e-13
8.3911e+03	8.1526e-13
8.3936e+03	1.2529e-12
8.3960e+03	1.1385e-12
8.3984e+03	1.4212e-12
8.4009e+03	1.8088e-12
8.4033e+03	1.7154e-12
8.4058e+03	2.2228e-12
8.4082e+03	3.0849e-12
8.4106e+03	3.8243e-12
8.4131e+03	4.3321e-12
8.4155e+03	5.0527e-12
8.4180e+03	4.2262e-12
8.4204e+03	5.5986e-12
8.4229e+03	6.4912e-12
8.4253e+03	7.8292e-12
8.4277e+03	1.0160e-11
8.4302e+03	1.1638e-11
8.4326e+03	1.3569e-11
8.4351e+03	1.2021e-11
8.4375e+03	1.5731e-11
8.4399e+03	1.5035e-11
8.4424e+03	1.6649e-11
8.4448e+03	1.8656e-11
8.4473e+03	1.3496e-11
8.4497e+03	1.4013e-11
8.4521e+03	2.4197e-11
8.4546e+03	2.0993e-11
8.4570e+03	1.9798e-11
8.4595e+03	2.4094e-11
8.4619e+03	2.9686e-11
8.4644e+03	2.8583e-11
8.4668e+03	2.8249e-11
8.4692e+03	2.4148e-11
8.4717e+03	2.6164e-11
8.4741e+03	2.5773e-11
8.4766e+03	2.6508e-11
8.4790e+03	3.6728e-11
8.4814e+03	3.5784e-11
8.4839e+03	2.9304e-11
8.4863e+03	6.7304e-12
8.4888e+03	8.4231e-14
8.4912e+03	3.5489e-15
8.4937e+03	9.0619e-16
8.4961e+03	2.5170e-16
8.4985e+03	2.9810e-16
8.5010e+03	1.8564e-16
8.5034e+03	2.0004e-16
8.5059e+03	2.2452e-16
8.5083e+03	1.9219e-16
8.5107e+03	1.8452e-16
8.5132e+03	2.3435e-16
8.5156e+03	2.2902e-16
8.5181e+03	2.3191e-16
8.5205e+03	2.2512e-16
8.5229e+03	2.4110e-16
8.5254e+03	2.5502e-16
8.5278e+03	2.8159e-16
8.5303e+03	2.7033e-16
8.5327e+03	2.9381e-16
8.5352e+03	2.7625e-16
8.5376e+03	2.6524e-16
8.5400e+03	2.3757e-16
8.5425e+03	2.7874e-16
8.5449e+03	2.7469e-16
8.5474e+03	2.7014e-16
8.5498e+03	2.8675e-16
8.5522e+03	3.1098e-16
8.5547e+03	2.6150e-16
8.5571e+03	2.6627e-16
8.5596e+03	3.0705e-16
8.5620e+03	3.1102e-16
8.5645e+03	3.5121e-16
8.5669e+03	3.6573e-16
8.5693e+03	3.2500e-16
8.5718e+03	3.1880e-16
8.5742e+03	3.3344e-16
8.5767e+03	3.6967e-16
8.5791e+03	7.2005e-16
8.5815e+03	1.3867e-15
8.5840e+03	1.4681e-15
8.5864e+03	1.6816e-15
8.5889e+03	1.7063e-15
8.5913e+03	1.6825e-15
8.5938e+03	1.6509e-15
8.5962e+03	1.5790e-15
8.5986e+03	1.8272e-15
8.6011e+03	1.5831e-15
8.6035e+03	1.9811e-15
8.6060e+03	2.1543e-15
8.6084e+03	1.9038e-15
8.6108e+03	1.9744e-15
8.6133e+03	2.0943e-15
8.6157e+03	1.7146e-15
8.6182e+03	1.8033e-15
8.6206e+03	1.7539e-15
8.6230e+03	1.7160e-15
8.6255e+03	1.6859e-15
8.6279e+03	1.7631e-15
8.6304e+03	1.9468e-15
8.6328e+03	1.6542e-15
8.6353e+03	1.5365e-15
8.6377e+03	1.0921e-15
8.6401e+03	4.8117e-16
8.6426e+03	3.0111e-16
8.6450e+03	3.4857e-16
8.6475e+03	3.5810e-16
8.6499e+03	3.8273e-16
8.6523e+03	4.1510e-16
8.6548e+03	4.1437e-16
8.6572e+03	4.1735e-16
8.6597e+03	3.8365e-16
8.6621e+03	3.3649e-16
8.6646e+03	3.6828e-16
8.6670e+03	3.7558e-16
8.6694e+03	3.8753e-16
8.6719e+03	4.0398e-16
8.6743e+03	4.0020e-16
8.6768e+03	3.6037e-16
8.6792e+03	3.7933e-16
8.6816e+03	3.3884e-16
8.6841e+03	4.3634e-16
8.6865e+03	3.7931e-16
8.6890e+03	4.1192e-16
8.6914e+03	4.4146e-16
8.6938e+03	4.1826e-16
8.6963e+03	3.4666e-16
8.6987e+03	3.4457e-16
8.7012e+03	4.0667e-16
8.7036e+03	3.9425e-16
8.7061e+03	3.5416e-16
8.7085e+03	3.7333e-16
8.7109e+03	4.6326e-16
8.7134e+03	4.1451e-16
8.7158e+03	3.7814e-16
8.7183e+03	4.2510e-16
8.7207e+03	4.1077e-16
8.7231e+03	4.3763e-16
8.7256e+03	8.1396e-16
8.7280e+03	3.2897e-15
8.7305e+03	4.3326e-13
8.7329e+03	5.7941e-12
8.7354e+03	1.1202e-11
8.7378e+03	1.1845e-11
8.7402e+03	1.0405e-11
8.7427e+03	7.6807e-12
8.7451e+03	8.9081e-12
8.7476e+03	7.5472e-12
8.7500e+03	8.6631e-12
8.7524e+03	9.0329e-12
8.7549e+03	9.5631e-12
8.7573e+03	8.6549e-12
8.7598e+03	6.9930e-12
8.7622e+03	6.0922e-12
8.7646e+03	7.7835e-12
8.7671e+03	6.1077e-12
8.7695e+03	3.9713e-12
8.7720e+03	5.1469e-12
8.7744e+03	6.0568e-12
8.7769e+03	4.7253e-12
8.7793e+03	5.1018e-12
8.7817e+03	4.3842e-12
8.7842e+03	3.9592e-12
8.7866e+03	4.2042e-12
8.7891e+03	3.4491e-12
8.7915e+03	2.8920e-12
8.7939e+03	2.2263e-12
8.7964e+03	1.9676e-12
8.7988e+03	1.4567e-12
8.8013e+03	1.4849e-12
8.8037e+03	1.5498e-12
8.8062e+03	1.2612e-12
8.8086e+03	1.1475e-12
8.8110e+03	8.2480e-13
8.8135e+03	6.2894e-13
8.8159e+03	5.3602e-13
8.8184e+03	5.6215e-13
8.8208e+03	3.6280e-13
8.8232e+03	4.0382e-13
8.8257e+03	3.4016e-13
8.8281e+03	2.3275e-13
8.8306e+03	2.6340e-13
8.8330e+03	1.7541e-13
8.8354e+03	1.2074e-13
8.8379e+03	1.2717e-13
8.8403e+03	1.0365e-13
8.8428e+03	8.4082e-14
8.8452e+03	5.1556e-14
8.8477e+03	3.5158e-14
8.8501e+03	3.1227e-14
8.8525e+03	2.8064e-14
8.8550e+03	2.3578e-14
8.8574e+03	1.4515e-14
8.8599e+03	7.2556e-15
8.8623e+03	2.2170e-15
8.8647e+03	1.0931e-15
8.8672e+03	1.2050e-15
8.8696e+03	1.0310e-15
8.8721e+03	1.3019e-15
8.8745e+03	1.2583e-15
8.8770e+03	1.1590e-15
8.8794e+03	1.3013e-15
8.8818e+03	2.4026e-15
8.8843e+03	8.8943e-15
8.8867e+03	1.8809e-14
8.8892e+03	2.7066e-14
8.8916e+03	2.9805e-14
8.8940e+03	3.1573e-14
8.8965e+03	3.9097e-14
8.8989e+03	5.8582e-14
8.9014e+03	9.2239e-14
8.9038e+03	1.0990e-13
8.9062e+03	1.3288e-13
8.9087e+03	1.2246e-13
8.9111e+03	1.8698e-13
8.9136e+03	2.7043e-13
8.9160e+03	2.4159e-13
8.9185e+03	3.6164e-13
8.9209e+03	4.1514e-13
8.9233e+03	3.8405e-13
8.9258e+03	5.9906e-13
8.9282e+03	5.5747e-13
8.9307e+03	6.6956e-13
8.9331e+03	8.8056e-13
8.9355e+03	1.2121e-12
8.9380e+03	1.3291e-12
8.9404e+03	1.6430e-12
8.9429e+03	1.5431e-12
8.9453e+03	1.5759e-12
8.9478e+03	2.0906e-12
8.9502e+03	2.3623e-12
8.9526e+03	3.0795e-12
8.9551e+03	3.6298e-12
8.9575e+03	4.5010e-12
8.9600e+03	4.1611e-12
8.9624e+03	4.7714e-12
8.9648e+03	5.4216e-12
8.9673e+03	5.0737e-12
8.9697e+03	6.5154e-12
8.9722e+03	5.3887e-12
8.9746e+03	4.2681e-12
8.9771e+03	6.8185e-12
8.9795e+03	8.3393e-12
8.9819e+03	6.6083e-12
8.9844e+03	7.7008e-12
8.9868e+03	9.6141e-12
8.9893e+03	1.0439e-11
8.9917e+03	9.8605e-12
8.9941e+03	9.3325e-12
8.9966e+03	8.3066e-12
8.9990e+03	9.7374e-12
9.0015e+03	8.5042e-12
9.0039e+03	1.1741e-11
9.0063e+03	1.3066e-11
9.0088e+03	1.2224e-11
9.0112e+03	5.8502e-12
9.0137e+03	3.7324e-13
9.0161e+03	5.0375e-15
9.0186e+03	2.4608e-15
9.0210e+03	1.9372e-15
9.0234e+03	2.0501e-15
9.0259e+03	2.0487e-15
9.0283e+03	2.2092e-15
9.0308e+03	2.2607e-15
9.0332e+03	1.8122e-15
9.0356e+03	2.0995e-15
9.0381e+03	3.1693e-15
9.0405e+03	3.2188e-15
9.0430e+03	2.6549e-15
9.0454e+03	2.5224e-15
9.0479e+03	2.7479e-15
9.0503e+03	2.7084e-15
9.0527e+03	2.4109e-15
9.0552e+03	2.6475e-15
9.0576e+03	2.8734e-15
9.0601e+03	2.9685e-15
9.0625e+03	2.3665e-15
9.0649e+03	2.7342e-15
9.0674e+03	2.4499e-15
9.0698e+03	2.8163e-15
9.0723e+03	2.7618e-15
9.0747e+03	2.2274e-15
9.0771e+03	3.0560e-15
9.0796e+03	3.4471e-15
9.0820e+03	2.8649e-15
9.0845e+03	2.8174e-15
9.0869e+03	3.2693e-15
9.0894e+03	3.0218e-15
9.0918e+03	2.9006e-15
9.0942e+03	3.2941e-15
9.0967e+03	3.3801e-15
9.0991e+03	3.9407e-15
9.1016e+03	3.3995e-15
9.1040e+03	3.3949e-15
9.1064e+03	4.5381e-15
9.1089e+03	5.5377e-15
9.1113e+03	5.4619e-15
9.1138e+03	5.0082e-15
9.1162e+03	4.8416e-15
9.1187e+03	4.0733e-15
9.1211e+03	4.6968e-15
9.1235e+03	4.7748e-15
9.1260e+03	5.6412e-15
9.1284e+03	4.8788e-15
9.1309e+03	5.9174e-15
9.1333e+03	5.9001e-15
9.1357e+03	6.0675e-15
9.1382e+03	6.0552e-15
9.1406e+03	6.9949e-15
9.1431e+03	6.0085e-15
9.1455e+03	5.9403e-15
9.1479e+03	6.4840e-15
9.1504e+03	6.0562e-15
9.1528e+03	4.8990e-15
9.1553e+03	6.9713e-15
9.1577e+03	7.0765e-15
9.1602e+03	6.0457e-15
9.1626e+03	5.7105e-15
9.1650e+03	4.4821e-15
9.1675e+03	3.6224e-15
9.1699e+03	3.2483e-15
9.1724e+03	3.7395e-15
9.1748e+03	3.2292e-15
9.1772e+03	3.5708e-15
9.1797e+03	4.3659e-15
9.1821e+03	4.3721e-15
9.1846e+03	3.5677e-15
9.1870e+03	3.5026e-15
9.1895e+03	3.7332e-15
9.1919e+03	4.2054e-15
9.1943e+03	3.7875e-15
9.1968e+03	4.0503e-15
9.1992e+03	3.8184e-15
9.2017e+03	4.3266e-15
9.2041e+03	4.6008e-15
9.2065e+03	3.7062e-15
9.2090e+03	3.5369e-15
9.2114e+03	3.5514e-15
9.2139e+03	3.3875e-15
9.2163e+03	3.7119e-15
9.2188e+03	4.1849e-15
9.2212e+03	3.7998e-15
9.2236e+03	3.3345e-15
9.2261e+03	4.9751e-15
9.2285e+03	5.0705e-15
9.2310e+03	4.6009e-15
9.2334e+03	3.4578e-15
9.2358e+03	3.9171e-15
9.2383e+03	4.0422e-15
9.2407e+03	3.8192e-15
9.2432e+03	6.1364e-15
9.2456e+03	6.0795e-15
9.2480e+03	5.4841e-15
9.2505e+03	4.6466e-15
9.2529e+03	3.7955e-15
9.2554e+03	5.0077e-15
9.2578e+03	5.3264e-14
9.2603e+03	1.8541e-13
9.2627e+03	2.0482e-13
9.2651e+03	2.1231e-13
9.2676e+03	1.5907e-13
9.2700e+03	1.6772e-13
9.2725e+03	1.6850e-13
9.2749e+03	1.5679e-13
9.2773e+03	1.6259e-13
9.2798e+03	1.5585e-13
9.2822e+03	1.6588e-13
9.2847e+03	1.3219e-13
9.2871e+03	1.1747e-13
9.2896e+03	1.2982e-13
9.2920e+03	1.4543e-13
9.2944e+03	8.0632e-14
9.2969e+03	8.2089e-14
9.2993e+03	1.1546e-13
9.3018e+03	9.6643e-14
9.3042e+03	9.1493e-14
9.3066e+03	9.2014e-14
9.3091e+03	7.1376e-14
9.3115e+03	8.6992e-14
9.3140e+03	7.7948e-14
9.3164e+03	6.7368e-14
9.3188e+03	4.5594e-14
9.3213e+03	3.8495e-14
9.3237e+03	3.6049e-14
9.3262e+03	3.0902e-14
9.3286e+03	3.6517e-14
9.3311e+03	2.9248e-14
9.3335e+03	2.7085e-14
9.3359e+03	2.4015e-14
9.3384e+03	1.8644e-14
9.3408e+03	1.3492e-14
9.3433e+03	1.6240e-14
9.3457e+03	1.5550e-14
9.3481e+03	1.2836e-14
9.3506e+03	1.3110e-14
9.3530e+03	1.1421e-14
9.3555e+03	1.3719e-14
9.3579e+03	1.2446e-14
9.3604e+03	7.1119e-15
9.3628e+03	7.2233e-15
9.3652e+03	7.0303e-15
9.3677e+03	9.8635e-15
9.3701e+03	6.4065e-15
9.3726e+03	4.4658e-15
9.3750e+03	7.0188e-15
9.3774e+03	8.2741e-15
9.3799e+03	6.9147e-15
9.3823e+03	7.1887e-15
9.3848e+03	5.1093e-15
9.3872e+03	5.8279e-15
9.3896e+03	4.5284e-15
9.3921e+03	6.7207e-15
9.3945e+03	8.6936e-15
9.3970e+03	7.3251e-15
9.3994e+03	7.2892e-15
9.4019e+03	6.5642e-15
9.4043e+03	6.3239e-15
9.4067e+03	8.7127e-15
9.4092e+03	6.9104e-15
9.4116e+03	1.1490e-14
9.4141e+03	1.3833e-14
9.4165e+03	1.5586e-14
9.4189e+03	1.4349e-14
9.4214e+03	1.0678e-14
9.4238e+03	1.1610e-14
9.4263e+03	1.7519e-14
9.4287e+03	1.9520e-14
9.4312e+03	1.7622e-14
9.4336e+03	1.9641e-14
9.4360e+03	1.7242e-14
9.4385e+03	1.8707e-14
9.4409e+03	1.6213e-14
9.4434e+03	1.6192e-14
9.4458e+03	1.8138e-14
9.4482e+03	1.6603e-14
9.4507e+03	2.4784e-14
9.4531e+03	2.6772e-14
9.4556e+03	1.9909e-14
9.4580e+03	2.8197e-14
9.4604e+03	2.9718e-14
9.4629e+03	3.0069e-14
9.4653e+03	3.8206e-14
9.4678e+03	4.1965e-14
9.4702e+03	3.2224e-14
9.4727e+03	3.5821e-14
9.4751e+03	3.9330e-14
9.4775e+03	4.8497e-14
9.4800e+03	5.8976e-14
9.4824e+03	7.1193e-14
9.4849e+03	8.3942e-14
9.4873e+03	7.2280e-14
9.4897e+03	9.0466e-14
9.4922e+03	8.9496e-14
9.4946e+03	1.0552e-13
9.4971e+03	1.0787e-13
9.4995e+03	8.6448e-14
9.5020e+03	8.8958e-14
9.5044e+03	1.4685e-13
9.5068e+03	1.2530e-13
9.5093e+03	1.3028e-13
9.5117e+03	1.5483e-13
9.5142e+03	1.7986e-13
9.5166e+03	1.7280e-13
9.5190e+03	1.7569e-13
9.5215e+03	1.3881e-13
9.5239e+03	1.5133e-13
9.5264e+03	1.5248e-13
9.5288e+03	1.8425e-13
9.5312e+03	2.4176e-13
9.5337e+03	2.2437e-13
9.5361e+03	1.8272e-13
9.5386e+03	3.6815e-14
9.5410e+03	8.0419e-15
9.5435e+03	7.9780e-15
9.5459e+03	9.2369e-15
9.5483e+03	6.6302e-15
9.5508e+03	7.1176e-15
9.5532e+03	9.9535e-15
9.5557e+03	1.0666e-14
9.5581e+03	7.3317e-15
9.5605e+03	6.5778e-15
9.5630e+03	7.7211e-15
9.5654e+03	9.1295e-15
9.5679e+03	7.9762e-15
9.5703e+03	8.2970e-15
9.5728e+03	9.8199e-15
9.5752e+03	8.4356e-15
9.5776e+03	8.2585e-15
9.5801e+03	9.1304e-15
9.5825e+03	8.8875e-15
9.5850e+03	8.8912e-15
9.5874e+03	8.7482e-15
9.5898e+03	9.5395e-15
9.5923e+03	9.1434e-15
9.5947e+03	7.9341e-15
9.5972e+03	9.9392e-15
9.5996e+03	1.0984e-14
9.6021e+03	9.2784e-15
9.6045e+03	7.7645e-15
9.6069e+03	7.9636e-15
9.6094e+03	8.7856e-15
9.6118e+03	9.5119e-15
9.6143e+03	7.9981e-15
9.6167e+03	1.0411e-14
9.6191e+03	9.2146e-15
9.6216e+03	8.4607e-15
9.6240e+03	9.2600e-15
9.6265e+03	9.7184e-15
9.6289e+03	1.0589e-14
9.6313e+03	1.1106e-14
9.6338e+03	1.2335e-14
9.6362e+03	1.4072e-14
9.6387e+03	1.2201e-14
9.6411e+03	1.1476e-14
9.6436e+03	1.0772e-14
9.6460e+03	1.1236e-14
9.6484e+03	1.2522e-14
9.6509e+03	1.2449e-14
9.6533e+03	1.0342e-14
9.6558e+03	1.4057e-14
9.6582e+03	1.6043e-14
9.6606e+03	1.6905e-14
9.6631e+03	2.0500e-14
9.6655e+03	2.0702e-14
9.6680e+03	1.4403e-14
9.6704e+03	1.5520e-14
9.6729e+03	1.4148e-14
9.6753e+03	1.4718e-14
9.6777e+03	1.4264e-14
9.6802e+03	1.4926e-14
9.6826e+03	1.5272e-14
9.6851e+03	1.5647e-14
9.6875e+03	1.8430e-14
9.6899e+03	1.3406e-14
9.6924e+03	8.7939e-15
9.6948e+03	6.5792e-15
9.6973e+03	1.0091e-14
9.6997e+03	8.0260e-15
9.7021e+03	7.3594e-15
9.7046e+03	7.7331e-15
9.7070e+03	7.6787e-15
9.7095e+03	8.9351e-15
9.7119e+03	1.0002e-14
9.7144e+03	8.7774e-15
9.7168e+03	1.1035e-14
9.7192e+03	8.7711e-15
9.7217e+03	9.3003e-15
9.7241e+03	1.1332e-14
9.7266e+03	1.0271e-14
9.7290e+03	1.0697e-14
9.7314e+03	8.3883e-15
9.7339e+03	8.6754e-15
9.7363e+03	7.7530e-15
9.7388e+03	9.5006e-15
9.7412e+03	9.9119e-15
9.7437e+03	9.7272e-15
9.7461e+03	9.0843e-15
9.7485e+03	1.0196e-14
9.7510e+03	1.0000e-14
9.7534e+03	8.0972e-15
9.7559e+03	9.9962e-15
9.7583e+03	9.3960e-15
9.7607e+03	9.0650e-15
9.7632e+03	9.0382e-15
9.7656e+03	9.0942e-15
9.7681e+03	9.4784e-15
9.7705e+03	9.5315e-15
9.7729e+03	1.0367e-14
9.7754e+03	1.1853e-14
9.7778e+03	8.8938e-15
9.7803e+03	8.8627e-15
9.7827e+03	1.1375e-14
9.7852e+03	3.2329e-14
9.7876e+03	3.8317e-14
9.7900e+03	3.7634e-14
9.7925e+03	3.5322e-14
9.7949e+03	3.2637e-14
9.7974e+03	3.4805e-14
9.7998e+03	3.4116e-14
9.8022e+03	3.3830e-14
9.8047e+03	2.6840e-14
9.8071e+03	3.1468e-14
9.8096e+03	3.4539e-14
9.8120e+03	2.7541e-14
9.8145e+03	2.9760e-14
9.8169e+03	3.4132e-14
9.8193e+03	2.1911e-14
9.8218e+03	1.5379e-14
9.8242e+03	2.3104e-14
9.8267e+03	2.4172e-14
9.8291e+03	2.2700e-14
9.8315e+03	2.0728e-14
9.8340e+03	1.8935e-14
9.8364e+03	2.1090e-14
9.8389e+03	2.4133e-14
9.8413e+03	2.0486e-14
9.8438e+03	1.7215e-14
9.8462e+03	1.4289e-14
9.8486e+03	1.4354e-14
9.8511e+03	1.3895e-14
9.8535e+03	1.2661e-14
9.8560e+03	1.5129e-14
9.8584e+03	1.2541e-14
9.8608e+03	1.2186e-14
9.8633e+03	1.1047e-14
9.8657e+03	8.1954e-15
9.8682e+03	9.4661e-15
9.8706e+03	1.2034e-14
9.8730e+03	1.1756e-14
9.8755e+03	1.1178e-14
9.8779e+03	9.5971e-15
9.8804e+03	1.0957e-14
9.8828e+03	1.2461e-14
9.8853e+03	1.0378e-14
9.8877e+03	9.3972e-15
9.8901e+03	1.0147e-14
9.8926e+03	1.2617e-14
9.8950e+03	1.2380e-14
9.8975e+03	7.3341e-15
9.8999e+03	9.0251e-15
9.9023e+03	1.3282e-14
9.9048e+03	1.0587e-14
9.9072e+03	8.4553e-15
9.9097e+03	9.5436e-15
9.9121e+03	7.6703e-15
9.9146e+03	9.9485e-15
9.9170e+03	1.0457e-14
9.9194e+03	1.4628e-14
9.9219e+03	1.3136e-14
9.9243e+03	9.2654e-15
9.9268e+03	9.8559e-15
9.9292e+03	9.2884e-15
9.9316e+03	1.0545e-14
9.9341e+03	1.2106e-14
9.9365e+03	2.2030e-14
9.9390e+03	3.9787e-14
9.9414e+03	3.7843e-14
9.9438e+03	4.3817e-14
9.9463e+03	3.0556e-14
9.9487e+03	2.5056e-14
9.9512e+03	2.7246e-14
9.9536e+03	3.5077e-14
9.9561e+03	3.6880e-14
9.9585e+03	3.3922e-14
9.9609e+03	3.4237e-14
9.9634e+03	2.9860e-14
9.9658e+03	2.5317e-14
9.9683e+03	2.5477e-14
9.9707e+03	2.5885e-14
9.9731e+03	2.1239e-14
9.9756e+03	2.3475e-14
9.9780e+03	3.2969e-14
9.9805e+03	2.4809e-14
9.9829e+03	2.2900e-14
9.9854e+03	2.1728e-14
9.9878e+03	2.3818e-14
9.9902e+03	2.4700e-14
9.9927e+03	2.3864e-14
9.9951e+03	2.0234e-14
9.9976e+03	1.7729e-14
1.0000e+04	9.2361e-15
