0.0000e+00	2.8199e-05
2.4414e+00	1.7546e-05
4.8828e+00	1.2397e-05
7.3242e+00	1.1928e-04
9.7656e+00	2.7043e-03
1.2207e+01	6.7551e-03
1.4648e+01	5.5505e-03
1.7090e+01	3.6614e-03
1.9531e+01	2.0486e-03
2.1973e+01	1.6544e-03
2.4414e+01	1.3947e-03
2.6855e+01	1.6158e-03
2.9297e+01	1.5532e-03
3.1738e+01	1.6042e-03
3.4180e+01	1.6683e-03
3.6621e+01	1.7217e-03
3.9062e+01	1.6961e-03
4.1504e+01	1.5321e-03
4.3945e+01	9.5669e-04
4.6387e+01	8.8386e-04
4.8828e+01	1.0419e-03
5.1270e+01	1.1823e-03
5.3711e+01	9.8296e-04
5.6152e+01	8.7181e-04
5.8594e+01	8.3830e-04
6.1035e+01	8.5908e-04
6.3477e+01	1.0404e-03
6.5918e+01	1.0741e-03
6.8359e+01	8.3207e-04
7.0801e+01	8.7554e-04
7.3242e+01	9.0800e-04
7.5684e+01	8.1948e-04
7.8125e+01	9.6924e-04
8.0566e+01	9.4429e-04
8.3008e+01	8.8431e-04
8.5449e+01	8.3765e-04
8.7891e+01	8.5916e-04
9.0332e+01	9.2404e-04
9.2773e+01	7.2826e-04
9.5215e+01	7.7638e-04
9.7656e+01	1.0918e-03
1.0010e+02	1.0190e-03
1.0254e+02	8.9580e-04
1.0498e+02	7.8647e-04
1.0742e+02	6.7129e-04
1.0986e+02	9.0957e-04
1.1230e+02	8.5321e-04
1.1475e+02	5.3557e-04
1.1719e+02	6.8676e-04
1.1963e+02	7.2785e-04
1.2207e+02	5.8769e-04
1.2451e+02	6.0245e-04
1.2695e+02	5.8175e-04
1.2939e+02	5.4452e-04
1.3184e+02	5.3194e-04
1.3428e+02	6.2130e-04
1.3672e+02	4.3794e-04
1.3916e+02	3.6995e-04
1.4160e+02	3.7218e-04
1.4404e+02	3.2315e-04
1.4648e+02	3.2836e-04
1.4893e+02	3.3495e-04
1.5137e+02	3.3108e-04
1.5381e+02	3.2186e-04
1.5625e+02	3.2290e-04
1.5869e+02	2.8271e-04
1.6113e+02	3.0630e-04
1.6357e+02	3.2566e-04
1.6602e+02	3.3148e-04
1.6846e+02	3.9357e-04
1.7090e+02	3.0889e-04
1.7334e+02	2.5877e-04
1.7578e+02	3.4647e-04
1.7822e+02	4.2006e-04
1.8066e+02	3.9828e-04
1.8311e+02	3.9695e-04
1.8555e+02	4.3838e-04
1.8799e+02	3.9766e-04
1.9043e+02	2.7586e-04
1.9287e+02	3.0687e-04
1.9531e+02	3.6282e-04
1.9775e+02	4.6671e-04
2.0020e+02	3.4155e-04
2.0264e+02	3.5947e-04
2.0508e+02	3.9076e-04
2.0752e+02	3.7870e-04
2.0996e+02	3.6394e-04
2.1240e+02	3.3359e-04
2.1484e+02	3.1191e-04
2.1729e+02	3.6560e-04
2.1973e+02	3.9720e-04
2.2217e+02	4.9755e-04
2.2461e+02	4.2018e-04
2.2705e+02	3.4859e-04
2.2949e+02	3.7190e-04
2.3193e+02	4.6028e-04
2.3438e+02	4.5573e-04
2.3682e+02	4.1364e-04
2.3926e+02	3.9735e-04
2.4170e+02	5.0154e-04
2.4414e+02	5.1575e-04
2.4658e+02	4.8509e-04
2.4902e+02	4.8112e-04
2.5146e+02	4.4677e-04
2.5391e+02	4.2180e-04
2.5635e+02	2.6069e-04
2.5879e+02	3.2293e-04
2.6123e+02	3.6228e-04
2.6367e+02	3.8232e-04
2.6611e+02	4.3057e-04
2.6855e+02	3.4739e-04
2.7100e+02	3.4317e-04
2.7344e+02	3.4328e-04
2.7588e+02	2.7900e-04
2.7832e+02	3.8346e-04
2.8076e+02	3.8452e-04
2.8320e+02	3.8855e-04
2.8564e+02	3.7834e-04
2.8809e+02	4.2550e-04
2.9053e+02	3.9075e-04
2.9297e+02	4.3662e-04
2.9541e+02	4.0780e-04
2.9785e+02	3.4050e-04
3.0029e+02	3.2673e-04
3.0273e+02	2.6413e-04
3.0518e+02	2.7279e-04
3.0762e+02	3.0705e-04
3.1006e+02	4.0414e-04
3.1250e+02	2.8379e-04
3.1494e+02	2.9921e-04
3.1738e+02	3.1880e-04
3.1982e+02	3.8008e-04
3.2227e+02	3.7654e-04
3.2471e+02	2.5349e-04
3.2715e+02	2.6359e-04
3.2959e+02	3.3027e-04
3.3203e+02	4.6279e-04
3.3447e+02	4.9108e-04
3.3691e+02	5.3821e-04
3.3936e+02	4.1894e-04
3.4180e+02	3.6589e-04
3.4424e+02	4.5690e-04
3.4668e+02	3.8248e-04
3.4912e+02	3.6244e-04
3.5156e+02	3.1031e-04
3.5400e+02	3.2720e-04
3.5645e+02	3.0964e-04
3.5889e+02	2.7088e-04
3.6133e+02	2.7767e-04
3.6377e+02	3.8526e-04
3.6621e+02	4.3392e-04
3.6865e+02	3.0986e-04
3.7109e+02	3.2812e-04
3.7354e+02	3.1765e-04
3.7598e+02	3.6192e-04
3.7842e+02	2.9675e-04
3.8086e+02	2.8208e-04
3.8330e+02	3.1466e-04
3.8574e+02	3.5470e-04
3.8818e+02	3.3706e-04
3.9062e+02	2.6654e-04
3.9307e+02	3.1233e-04
3.9551e+02	2.9361e-04
3.9795e+02	3.1742e-04
4.0039e+02	3.3283e-04
4.0283e+02	3.5378e-04
4.0527e+02	4.0484e-04
4.0771e+02	2.6731e-04
4.1016e+02	2.7315e-04
4.1260e+02	2.7705e-04
4.1504e+02	2.5499e-04
4.1748e+02	2.6112e-04
4.1992e+02	2.0387e-04
4.2236e+02	2.5705e-04
4.2480e+02	2.4149e-04
4.2725e+02	2.0221e-04
4.2969e+02	2.3700e-04
4.3213e+02	1.7269e-04
4.3457e+02	1.7916e-04
4.3701e+02	2.1187e-04
4.3945e+02	2.3172e-04
4.4189e+02	2.5435e-04
4.4434e+02	2.2556e-04
4.4678e+02	2.2067e-04
4.4922e+02	1.9321e-04
4.5166e+02	1.6744e-04
4.5410e+02	1.7023e-04
4.5654e+02	1.7429e-04
4.5898e+02	1.9817e-04
4.6143e+02	1.6237e-04
4.6387e+02	1.4380e-04
4.6631e+02	1.8296e-04
4.6875e+02	1.7472e-04
4.7119e+02	1.7687e-04
4.7363e+02	1.8482e-04
4.7607e+02	1.3439e-04
4.7852e+02	1.4877e-04
4.8096e+02	1.4819e-04
4.8340e+02	1.7073e-04
4.8584e+02	1.7487e-04
4.8828e+02	1.5447e-04
4.9072e+02	1.3646e-04
4.9316e+02	1.3820e-04
4.9561e+02	1.3705e-04
4.9805e+02	1.3251e-04
5.0049e+02	1.3368e-04
5.0293e+02	1.5010e-04
5.0537e+02	1.5949e-04
5.0781e+02	1.7600e-04
5.1025e+02	1.6574e-04
5.1270e+02	1.3741e-04
5.1514e+02	1.3483e-04
5.1758e+02	1.4336e-04
5.2002e+02	1.4525e-04
5.2246e+02	1.5635e-04
5.2490e+02	1.0640e-04
5.2734e+02	1.0885e-04
5.2979e+02	1.2950e-04
5.3223e+02	1.2089e-04
5.3467e+02	9.3454e-05
5.3711e+02	1.1356e-04
5.3955e+02	1.1100e-04
5.4199e+02	9.7091e-05
5.4443e+02	9.9039e-05
5.4688e+02	8.4307e-05
5.4932e+02	7.5492e-05
5.5176e+02	8.7754e-05
5.5420e+02	9.3922e-05
5.5664e+02	9.6489e-05
5.5908e+02	1.1090e-04
5.6152e+02	1.1336e-04
5.6396e+02	1.3275e-04
5.6641e+02	1.0393e-04
5.6885e+02	9.7664e-05
5.7129e+02	1.0312e-04
5.7373e+02	6.7323e-05
5.7617e+02	6.3794e-05
5.7861e+02	6.1906e-05
5.8105e+02	9.1154e-05
5.8350e+02	9.7437e-05
5.8594e+02	8.1551e-05
5.8838e+02	7.8562e-05
5.9082e+02	8.9182e-05
5.9326e+02	9.5147e-05
5.9570e+02	8.1954e-05
5.9814e+02	5.9888e-05
6.0059e+02	6.8453e-05
6.0303e+02	6.4391e-05
6.0547e+02	6.5098e-05
6.0791e+02	6.0629e-05
6.1035e+02	6.5678e-05
6.1279e+02	8.2154e-05
6.1523e+02	8.1285e-05
6.1768e+02	6.4744e-05
6.2012e+02	6.6796e-05
6.2256e+02	7.2972e-05
6.2500e+02	8.3902e-05
6.2744e+02	7.5138e-05
6.2988e+02	8.4367e-05
6.3232e+02	7.8289e-05
6.3477e+02	6.0314e-05
6.3721e+02	8.1427e-05
6.3965e+02	8.9583e-05
6.4209e+02	9.0886e-05
6.4453e+02	8.1900e-05
6.4697e+02	9.6991e-05
6.4941e+02	8.6745e-05
6.5186e+02	6.8892e-05
6.5430e+02	9.3118e-05
6.5674e+02	8.1536e-05
6.5918e+02	8.0636e-05
6.6162e+02	8.2187e-05
6.6406e+02	1.0309e-04
6.6650e+02	8.6264e-05
6.6895e+02	8.1246e-05
6.7139e+02	7.3121e-05
6.7383e+02	8.5275e-05
6.7627e+02	9.4655e-05
6.7871e+02	8.4632e-05
6.8115e+02	8.5902e-05
6.8359e+02	7.5578e-05
6.8604e+02	8.2022e-05
6.8848e+02	6.1562e-05
6.9092e+02	6.5990e-05
6.9336e+02	6.2145e-05
6.9580e+02	6.8300e-05
6.9824e+02	6.3876e-05
7.0068e+02	7.6763e-05
7.0312e+02	6.1907e-05
7.0557e+02	7.0623e-05
7.0801e+02	7.2619e-05
7.1045e+02	7.8509e-05
7.1289e+02	8.3946e-05
7.1533e+02	7.9908e-05
7.1777e+02	8.2109e-05
7.2021e+02	8.7638e-05
7.2266e+02	1.0333e-04
7.2510e+02	8.3688e-05
7.2754e+02	7.3689e-05
7.2998e+02	6.8046e-05
7.3242e+02	7.5423e-05
7.3486e+02	6.7008e-05
7.3730e+02	5.4826e-05
7.3975e+02	6.3150e-05
7.4219e+02	8.2648e-05
7.4463e+02	1.0509e-04
7.4707e+02	9.9132e-05
7.4951e+02	6.3382e-05
7.5195e+02	6.4465e-05
7.5439e+02	7.8428e-05
7.5684e+02	8.3487e-05
7.5928e+02	1.0075e-04
7.6172e+02	1.0242e-04
7.6416e+02	7.7900e-05
7.6660e+02	9.0311e-05
7.6904e+02	8.7323e-05
7.7148e+02	8.4205e-05
7.7393e+02	7.5671e-05
7.7637e+02	7.2759e-05
7.7881e+02	6.5469e-05
7.8125e+02	8.7149e-05
7.8369e+02	8.6545e-05
7.8613e+02	7.5873e-05
7.8857e+02	9.0904e-05
7.9102e+02	9.3197e-05
7.9346e+02	7.7602e-05
7.9590e+02	7.0025e-05
7.9834e+02	8.1989e-05
8.0078e+02	7.6715e-05
8.0322e+02	9.3545e-05
8.0566e+02	9.4459e-05
8.0811e+02	8.9145e-05
8.1055e+02	9.2893e-05
8.1299e+02	7.4236e-05
8.1543e+02	8.1399e-05
8.1787e+02	8.6742e-05
8.2031e+02	7.2250e-05
8.2275e+02	6.0139e-05
8.2520e+02	6.3787e-05
8.2764e+02	8.2728e-05
8.3008e+02	8.7150e-05
8.3252e+02	1.0471e-04
8.3496e+02	1.0408e-04
8.3740e+02	1.0860e-04
8.3984e+02	9.2614e-05
8.4229e+02	6.6468e-05
8.4473e+02	8.1029e-05
8.4717e+02	1.0181e-04
8.4961e+02	8.7460e-05
8.5205e+02	7.8070e-05
8.5449e+02	8.2969e-05
8.5693e+02	7.5282e-05
8.5938e+02	7.1178e-05
8.6182e+02	7.0412e-05
8.6426e+02	7.3969e-05
8.6670e+02	7.1176e-05
8.6914e+02	7.0948e-05
8.7158e+02	6.8463e-05
8.7402e+02	8.9800e-05
8.7646e+02	8.2332e-05
8.7891e+02	7.4247e-05
8.8135e+02	7.2776e-05
8.8379e+02	7.1576e-05
8.8623e+02	7.5235e-05
8.8867e+02	9.6092e-05
8.9111e+02	8.5160e-05
8.9355e+02	9.7404e-05
8.9600e+02	7.1503e-05
8.9844e+02	7.1594e-05
9.0088e+02	7.6349e-05
9.0332e+02	7.9463e-05
9.0576e+02	7.0406e-05
9.0820e+02	5.6865e-05
9.1064e+02	9.6086e-05
9.1309e+02	9.6595e-05
9.1553e+02	8.3454e-05
9.1797e+02	8.3727e-05
9.2041e+02	7.7673e-05
9.2285e+02	8.7372e-05
9.2529e+02	1.0114e-04
9.2773e+02	8.8301e-05
9.3018e+02	7.7557e-05
9.3262e+02	7.1962e-05
9.3506e+02	7.8210e-05
9.3750e+02	8.0245e-05
9.3994e+02	8.8343e-05
9.4238e+02	8.5159e-05
9.4482e+02	8.7025e-05
9.4727e+02	7.4968e-05
9.4971e+02	8.3058e-05
9.5215e+02	9.7574e-05
9.5459e+02	1.0281e-04
9.5703e+02	8.4325e-05
9.5947e+02	7.3766e-05
9.6191e+02	7.1282e-05
9.6436e+02	6.7372e-05
9.6680e+02	6.9698e-05
9.6924e+02	9.2403e-05
9.7168e+02	1.0100e-04
9.7412e+02	7.3588e-05
9.7656e+02	7.6107e-05
9.7900e+02	7.0393e-05
9.8145e+02	6.9678e-05
9.8389e+02	8.7534e-05
9.8633e+02	7.3867e-05
9.8877e+02	6.5995e-05
9.9121e+02	6.7608e-05
9.9365e+02	7.0036e-05
9.9609e+02	8.5496e-05
9.9854e+02	7.1644e-05
1.0010e+03	1.5886e-05
1.0034e+03	3.5398e-07
1.0059e+03	1.0452e-08
1.0083e+03	1.4846e-09
1.0107e+03	5.0278e-10
1.0132e+03	2.3538e-10
1.0156e+03	1.5286e-10
1.0181e+03	1.2095e-10
1.0205e+03	9.5688e-11
1.0229e+03	8.8721e-11
1.0254e+03	9.4824e-11
1.0278e+03	1.2641e-10
1.0303e+03	1.1051e-10
1.0327e+03	8.2968e-11
1.0352e+03	1.0136e-10
1.0376e+03	9.7281e-11
1.0400e+03	1.2030e-10
1.0425e+03	1.2004e-10
1.0449e+03	1.0009e-10
1.0474e+03	1.1915e-10
1.0498e+03	8.7837e-11
1.0522e+03	8.0529e-11
1.0547e+03	1.0364e-10
1.0571e+03	1.1763e-10
1.0596e+03	1.1216e-10
1.0620e+03	1.0830e-10
1.0645e+03	1.1864e-10
1.0669e+03	1.1724e-10
1.0693e+03	9.5674e-11
1.0718e+03	1.0562e-10
1.0742e+03	1.0512e-10
1.0767e+03	1.0182e-10
1.0791e+03	1.2013e-10
1.0815e+03	1.0322e-10
1.0840e+03	1.2064e-10
1.0864e+03	1.1067e-10
1.0889e+03	1.0112e-10
1.0913e+03	9.3336e-11
1.0938e+03	6.9388e-11
1.0962e+03	8.5727e-11
1.0986e+03	7.7302e-11
1.1011e+03	8.1531e-11
1.1035e+03	1.1042e-10
1.1060e+03	1.0637e-10
1.1084e+03	1.0442e-10
1.1108e+03	7.4659e-11
1.1133e+03	9.2041e-11
1.1157e+03	1.1875e-10
1.1182e+03	1.2923e-10
1.1206e+03	8.3918e-11
1.1230e+03	1.0356e-10
1.1255e+03	9.1485e-11
1.1279e+03	9.8602e-11
1.1304e+03	1.1749e-10
1.1328e+03	9.1553e-11
1.1353e+03	9.1912e-11
1.1377e+03	9.0761e-11
1.1401e+03	9.7283e-11
1.1426e+03	1.0384e-10
1.1450e+03	1.1855e-10
1.1475e+03	1.0745e-10
1.1499e+03	8.4517e-11
1.1523e+03	9.6910e-11
1.1548e+03	8.7324e-11
1.1572e+03	9.6940e-11
1.1597e+03	1.3242e-10
1.1621e+03	1.4735e-10
1.1646e+03	9.6710e-11
1.1670e+03	1.1602e-10
1.1694e+03	1.3867e-10
1.1719e+03	1.3934e-10
1.1743e+03	1.0851e-10
1.1768e+03	1.1232e-10
1.1792e+03	8.3544e-11
1.1816e+03	9.5957e-11
1.1841e+03	8.9262e-11
1.1865e+03	1.0746e-10
1.1890e+03	1.0476e-10
1.1914e+03	8.1840e-11
1.1938e+03	1.0259e-10
1.1963e+03	1.2490e-10
1.1987e+03	1.1681e-10
1.2012e+03	1.0937e-10
1.2036e+03	1.1906e-10
1.2061e+03	1.3608e-10
1.2085e+03	1.3154e-10
1.2109e+03	9.4363e-11
1.2134e+03	8.2804e-11
1.2158e+03	8.7225e-11
1.2183e+03	9.0237e-11
1.2207e+03	8.0241e-11
1.2231e+03	8.0125e-11
1.2256e+03	1.0910e-10
1.2280e+03	9.7139e-11
1.2305e+03	1.1005e-10
1.2329e+03	1.0324e-10
1.2354e+03	9.3524e-11
1.2378e+03	9.3406e-11
1.2402e+03	1.0966e-10
1.2427e+03	9.5046e-11
1.2451e+03	9.2280e-11
1.2476e+03	9.1880e-11
1.2500e+03	9.7340e-11
1.2524e+03	1.1549e-10
1.2549e+03	1.0271e-10
1.2573e+03	1.1429e-10
1.2598e+03	1.0156e-10
1.2622e+03	8.6857e-11
1.2646e+03	9.4424e-11
1.2671e+03	1.2090e-10
1.2695e+03	1.2138e-10
1.2720e+03	1.0110e-10
1.2744e+03	9.7275e-11
1.2769e+03	9.6204e-11
1.2793e+03	8.2119e-11
1.2817e+03	6.4506e-11
1.2842e+03	9.3140e-11
1.2866e+03	9.1242e-11
1.2891e+03	5.6143e-11
1.2915e+03	6.8925e-11
1.2939e+03	8.4837e-11
1.2964e+03	1.0863e-10
1.2988e+03	9.5430e-11
1.3013e+03	6.7102e-11
1.3037e+03	6.4729e-11
1.3062e+03	9.4826e-11
1.3086e+03	8.9630e-11
1.3110e+03	8.4407e-11
1.3135e+03	9.1765e-11
1.3159e+03	1.0832e-10
1.3184e+03	1.2953e-10
1.3208e+03	1.3834e-10
1.3232e+03	1.1702e-10
1.3257e+03	1.2335e-10
1.3281e+03	1.1255e-10
1.3306e+03	9.2160e-11
1.3330e+03	9.3972e-11
1.3354e+03	9.5038e-11
1.3379e+03	7.2913e-11
1.3403e+03	7.2323e-11
1.3428e+03	8.1213e-11
1.3452e+03	9.8665e-11
1.3477e+03	8.8804e-11
1.3501e+03	8.2333e-11
1.3525e+03	9.5623e-11
1.3550e+03	1.0783e-10
1.3574e+03	1.1448e-10
1.3599e+03	1.2704e-10
1.3623e+03	1.1612e-10
1.3647e+03	1.1253e-10
1.3672e+03	9.7613e-11
1.3696e+03	9.4978e-11
1.3721e+03	8.5331e-11
1.3745e+03	8.1029e-11
1.3770e+03	1.2437e-10
1.3794e+03	1.1798e-10
1.3818e+03	9.8118e-11
1.3843e+03	1.1241e-10
1.3867e+03	1.0758e-10
1.3892e+03	8.7790e-11
1.3916e+03	7.5175e-11
1.3940e+03	7.3847e-11
1.3965e+03	1.4186e-10
1.3989e+03	1.3044e-10
1.4014e+03	1.1204e-10
1.4038e+03	1.0729e-10
1.4062e+03	1.0998e-10
1.4087e+03	1.1466e-10
1.4111e+03	1.1292e-10
1.4136e+03	8.3980e-11
1.4160e+03	1.2493e-10
1.4185e+03	1.3529e-10
1.4209e+03	9.3069e-11
1.4233e+03	7.3417e-11
1.4258e+03	9.0646e-11
1.4282e+03	1.0590e-10
1.4307e+03	7.7277e-11
1.4331e+03	1.0622e-10
1.4355e+03	1.1936e-10
1.4380e+03	9.8547e-11
1.4404e+03	8.6755e-11
1.4429e+03	9.6764e-11
1.4453e+03	1.0347e-10
1.4478e+03	1.3234e-10
1.4502e+03	1.4269e-10
1.4526e+03	1.0731e-10
1.4551e+03	9.7138e-11
1.4575e+03	1.0589e-10
1.4600e+03	1.0063e-10
1.4624e+03	1.0833e-10
1.4648e+03	1.0808e-10
1.4673e+03	1.0551e-10
1.4697e+03	8.0847e-11
1.4722e+03	1.0637e-10
1.4746e+03	1.0819e-10
1.4771e+03	1.0659e-10
1.4795e+03	1.1900e-10
1.4819e+03	1.0550e-10
1.4844e+03	1.0343e-10
1.4868e+03	1.1311e-10
1.4893e+03	8.5790e-11
1.4917e+03	6.3206e-11
1.4941e+03	8.8601e-11
1.4966e+03	1.2066e-10
1.4990e+03	9.3950e-11
1.5015e+03	7.9611e-11
1.5039e+03	1.0304e-10
1.5063e+03	1.0128e-10
1.5088e+03	9.1259e-11
1.5112e+03	8.6793e-11
1.5137e+03	1.0373e-10
1.5161e+03	1.1942e-10
1.5186e+03	1.0260e-10
1.5210e+03	9.0973e-11
1.5234e+03	8.9066e-11
1.5259e+03	9.7514e-11
1.5283e+03	1.1021e-10
1.5308e+03	7.8721e-11
1.5332e+03	8.8613e-11
1.5356e+03	1.0523e-10
1.5381e+03	9.8953e-11
1.5405e+03	1.0042e-10
1.5430e+03	1.0666e-10
1.5454e+03	1.2317e-10
1.5479e+03	1.2120e-10
1.5503e+03	1.1408e-10
1.5527e+03	1.0282e-10
1.5552e+03	9.2231e-11
1.5576e+03	9.3458e-11
1.5601e+03	1.0008e-10
1.5625e+03	7.9931e-11
1.5649e+03	7.7984e-11
1.5674e+03	9.4610e-11
1.5698e+03	1.0501e-10
1.5723e+03	1.0188e-10
1.5747e+03	1.0690e-10
1.5771e+03	9.6744e-11
1.5796e+03	7.0968e-11
1.5820e+03	7.4148e-11
1.5845e+03	1.0621e-10
1.5869e+03	1.1073e-10
1.5894e+03	8.8109e-11
1.5918e+03	8.5212e-11
1.5942e+03	1.0441e-10
1.5967e+03	1.3876e-10
1.5991e+03	1.0729e-10
1.6016e+03	8.4822e-11
1.6040e+03	9.7431e-11
1.6064e+03	8.3960e-11
1.6089e+03	9.5488e-11
1.6113e+03	1.2065e-10
1.6138e+03	1.0573e-10
1.6162e+03	8.7192e-11
1.6187e+03	9.1737e-11
1.6211e+03	1.2105e-10
1.6235e+03	1.3759e-10
1.6260e+03	1.3037e-10
1.6284e+03	1.2527e-10
1.6309e+03	1.0000e-10
1.6333e+03	7.7651e-11
1.6357e+03	7.5074e-11
1.6382e+03	9.2745e-11
1.6406e+03	1.0158e-10
1.6431e+03	1.0115e-10
1.6455e+03	1.1610e-10
1.6479e+03	1.0555e-10
1.6504e+03	8.0491e-11
1.6528e+03	7.8030e-11
1.6553e+03	9.5360e-11
1.6577e+03	1.2548e-10
1.6602e+03	1.2401e-10
1.6626e+03	9.7855e-11
1.6650e+03	1.0247e-10
1.6675e+03	8.9840e-11
1.6699e+03	9.3302e-11
1.6724e+03	1.0768e-10
1.6748e+03	1.0924e-10
1.6772e+03	8.6530e-11
1.6797e+03	8.5095e-11
1.6821e+03	9.8989e-11
1.6846e+03	9.3739e-11
1.6870e+03	8.3723e-11
1.6895e+03	9.4443e-11
1.6919e+03	1.0835e-10
1.6943e+03	9.6974e-11
1.6968e+03	8.3227e-11
1.6992e+03	9.2218e-11
1.7017e+03	9.0189e-11
1.7041e+03	8.7284e-11
1.7065e+03	8.9048e-11
1.7090e+03	8.9545e-11
1.7114e+03	8.5785e-11
1.7139e+03	9.0168e-11
1.7163e+03	1.2190e-10
1.7188e+03	1.0771e-10
1.7212e+03	1.2245e-10
1.7236e+03	1.0735e-10
1.7261e+03	1.2539e-10
1.7285e+03	1.1848e-10
1.7310e+03	1.1301e-10
1.7334e+03	8.2406e-11
1.7358e+03	1.0177e-10
1.7383e+03	1.4875e-10
1.7407e+03	1.0175e-10
1.7432e+03	9.0731e-11
1.7456e+03	8.9476e-11
1.7480e+03	1.0306e-10
1.7505e+03	1.2088e-10
1.7529e+03	1.0348e-10
1.7554e+03	9.0422e-11
1.7578e+03	1.0312e-10
1.7603e+03	1.2150e-10
1.7627e+03	1.0591e-10
1.7651e+03	8.7498e-11
1.7676e+03	1.0122e-10
1.7700e+03	6.9872e-11
1.7725e+03	8.0153e-11
1.7749e+03	1.0331e-10
1.7773e+03	1.1739e-10
1.7798e+03	1.0109e-10
1.7822e+03	8.6813e-11
1.7847e+03	8.0983e-11
1.7871e+03	9.2960e-11
1.7896e+03	8.6165e-11
1.7920e+03	9.5134e-11
1.7944e+03	1.0653e-10
1.7969e+03	9.5862e-11
1.7993e+03	1.2326e-10
1.8018e+03	1.2088e-10
1.8042e+03	1.2873e-10
1.8066e+03	1.3763e-10
1.8091e+03	1.4166e-10
1.8115e+03	1.4462e-10
1.8140e+03	1.0030e-10
1.8164e+03	8.6523e-11
1.8188e+03	9.0355e-11
1.8213e+03	8.3361e-11
1.8237e+03	8.5149e-11
1.8262e+03	7.8016e-11
1.8286e+03	1.0025e-10
1.8311e+03	1.1599e-10
1.8335e+03	9.2430e-11
1.8359e+03	8.2180e-11
1.8384e+03	9.2614e-11
1.8408e+03	1.0968e-10
1.8433e+03	1.2580e-10
1.8457e+03	1.1918e-10
1.8481e+03	1.0465e-10
1.8506e+03	1.4591e-10
1.8530e+03	1.3210e-10
1.8555e+03	1.1398e-10
1.8579e+03	8.1312e-11
1.8604e+03	9.6616e-11
1.8628e+03	1.0198e-10
1.8652e+03	1.0490e-10
1.8677e+03	1.0307e-10
1.8701e+03	1.2818e-10
1.8726e+03	1.0494e-10
1.8750e+03	8.8825e-11
1.8774e+03	1.0477e-10
1.8799e+03	1.1608e-10
1.8823e+03	9.3083e-11
1.8848e+03	7.6181e-11
1.8872e+03	9.0476e-11
1.8896e+03	8.4620e-11
1.8921e+03	9.6581e-11
1.8945e+03	1.1575e-10
1.8970e+03	1.0037e-10
1.8994e+03	9.7295e-11
1.9019e+03	9.1510e-11
1.9043e+03	8.5074e-11
1.9067e+03	8.3871e-11
1.9092e+03	9.7866e-11
1.9116e+03	9.7088e-11
1.9141e+03	1.0467e-10
1.9165e+03	1.1004e-10
1.9189e+03	1.3759e-10
1.9214e+03	1.1117e-10
1.9238e+03	1.0756e-10
1.9263e+03	1.1519e-10
1.9287e+03	9.2548e-11
1.9312e+03	9.0136e-11
1.9336e+03	1.0696e-10
1.9360e+03	1.1721e-10
1.9385e+03	9.3812e-11
1.9409e+03	9.9264e-11
1.9434e+03	1.0117e-10
1.9458e+03	1.0545e-10
1.9482e+03	8.6612e-11
1.9507e+03	8.4364e-11
1.9531e+03	8.8841e-11
1.9556e+03	9.2989e-11
1.9580e+03	8.1663e-11
1.9604e+03	9.8321e-11
1.9629e+03	1.0352e-10
1.9653e+03	1.2035e-10
1.9678e+03	1.1051e-10
1.9702e+03	1.3227e-10
1.9727e+03	1.5089e-10
1.9751e+03	1.4317e-10
1.9775e+03	1.1183e-10
1.9800e+03	9.7809e-11
1.9824e+03	6.8567e-11
1.9849e+03	7.8727e-11
1.9873e+03	1.2238e-10
1.9897e+03	9.2894e-11
1.9922e+03	1.2277e-10
1.9946e+03	1.0848e-10
1.9971e+03	8.8312e-11
1.9995e+03	1.1087e-10
2.0020e+03	1.0059e-10
2.0044e+03	8.0737e-11
2.0068e+03	8.4635e-11
2.0093e+03	7.3525e-11
2.0117e+03	8.6010e-11
2.0142e+03	1.0428e-10
2.0166e+03	1.0847e-10
2.0190e+03	8.2868e-11
2.0215e+03	8.2987e-11
2.0239e+03	8.5308e-11
2.0264e+03	9.2746e-11
2.0288e+03	9.6005e-11
2.0312e+03	9.9523e-11
2.0337e+03	1.3184e-10
2.0361e+03	1.1907e-10
2.0386e+03	1.0437e-10
2.0410e+03	1.0212e-10
2.0435e+03	7.8204e-11
2.0459e+03	8.6213e-11
2.0483e+03	9.2456e-11
2.0508e+03	8.5656e-11
2.0532e+03	1.0273e-10
2.0557e+03	1.3642e-10
2.0581e+03	1.2303e-10
2.0605e+03	9.9189e-11
2.0630e+03	1.0292e-10
2.0654e+03	1.1499e-10
2.0679e+03	8.7277e-11
2.0703e+03	8.7088e-11
2.0728e+03	1.0756e-10
2.0752e+03	1.0398e-10
2.0776e+03	1.0106e-10
2.0801e+03	1.0484e-10
2.0825e+03	9.7090e-11
2.0850e+03	1.0965e-10
2.0874e+03	9.3642e-11
2.0898e+03	9.5300e-11
2.0923e+03	1.0573e-10
2.0947e+03	9.3634e-11
2.0972e+03	8.5850e-11
2.0996e+03	1.0661e-10
2.1021e+03	1.1648e-10
2.1045e+03	1.1259e-10
2.1069e+03	9.7145e-11
2.1094e+03	9.4334e-11
2.1118e+03	9.9512e-11
2.1143e+03	7.7562e-11
2.1167e+03	9.6021e-11
2.1191e+03	9.7423e-11
2.1216e+03	9.6140e-11
2.1240e+03	1.1658e-10
2.1265e+03	1.0905e-10
2.1289e+03	9.3768e-11
2.1313e+03	8.3129e-11
2.1338e+03	8.7315e-11
2.1362e+03	9.6412e-11
2.1387e+03	8.7466e-11
2.1411e+03	7.7971e-11
2.1436e+03	1.0001e-10
2.1460e+03	9.6886e-11
2.1484e+03	9.7164e-11
2.1509e+03	1.2043e-10
2.1533e+03	9.7993e-11
2.1558e+03	8.5529e-11
2.1582e+03	1.2063e-10
2.1606e+03	1.3302e-10
2.1631e+03	1.3295e-10
2.1655e+03	9.1174e-11
2.1680e+03	7.2074e-11
2.1704e+03	1.0098e-10
2.1729e+03	1.0443e-10
2.1753e+03	1.1046e-10
2.1777e+03	1.2189e-10
2.1802e+03	9.7985e-11
2.1826e+03	8.0360e-11
2.1851e+03	8.0259e-11
2.1875e+03	8.3624e-11
2.1899e+03	9.8194e-11
2.1924e+03	1.0616e-10
2.1948e+03	1.0130e-10
2.1973e+03	8.4305e-11
2.1997e+03	8.1147e-11
2.2021e+03	8.5325e-11
2.2046e+03	9.0090e-11
2.2070e+03	9.8091e-11
2.2095e+03	1.0067e-10
2.2119e+03	8.6948e-11
2.2144e+03	9.4797e-11
2.2168e+03	1.1218e-10
2.2192e+03	1.1627e-10
2.2217e+03	1.0095e-10
2.2241e+03	9.1511e-11
2.2266e+03	1.0356e-10
2.2290e+03	1.0313e-10
2.2314e+03	9.2771e-11
2.2339e+03	9.2771e-11
2.2363e+03	8.5433e-11
2.2388e+03	1.0113e-10
2.2412e+03	1.0828e-10
2.2437e+03	1.2228e-10
2.2461e+03	1.1340e-10
2.2485e+03	9.8119e-11
2.2510e+03	1.0037e-10
2.2534e+03	8.8107e-11
2.2559e+03	1.0455e-10
2.2583e+03	1.0350e-10
2.2607e+03	8.6557e-11
2.2632e+03	9.8517e-11
2.2656e+03	1.1358e-10
2.2681e+03	8.5595e-11
2.2705e+03	8.1775e-11
2.2729e+03	9.4340e-11
2.2754e+03	9.6795e-11
2.2778e+03	8.8144e-11
2.2803e+03	1.0902e-10
2.2827e+03	1.2504e-10
2.2852e+03	8.1254e-11
2.2876e+03	1.0747e-10
2.2900e+03	1.1598e-10
2.2925e+03	1.1013e-10
2.2949e+03	1.1336e-10
2.2974e+03	9.5622e-11
2.2998e+03	7.6474e-11
2.3022e+03	1.0690e-10
2.3047e+03	9.7005e-11
2.3071e+03	9.1372e-11
2.3096e+03	9.5025e-11
2.3120e+03	1.1280e-10
2.3145e+03	1.0680e-10
2.3169e+03	1.0544e-10
2.3193e+03	1.1128e-10
2.3218e+03	1.0091e-10
2.3242e+03	8.6332e-11
2.3267e+03	1.1638e-10
2.3291e+03	1.1042e-10
2.3315e+03	1.2186e-10
2.3340e+03	1.1497e-10
2.3364e+03	1.0723e-10
2.3389e+03	9.9927e-11
2.3413e+03	9.7269e-11
2.3438e+03	9.1737e-11
2.3462e+03	9.8281e-11
2.3486e+03	1.1741e-10
2.3511e+03	1.0217e-10
2.3535e+03	1.1127e-10
2.3560e+03	9.6713e-11
2.3584e+03	9.1995e-11
2.3608e+03	8.9532e-11
2.3633e+03	1.0568e-10
2.3657e+03	1.0477e-10
2.3682e+03	1.3279e-10
2.3706e+03	1.1502e-10
2.3730e+03	1.1033e-10
2.3755e+03	9.4681e-11
2.3779e+03	1.1646e-10
2.3804e+03	1.0746e-10
2.3828e+03	9.9633e-11
2.3853e+03	1.2134e-10
2.3877e+03	1.3882e-10
2.3901e+03	1.3078e-10
2.3926e+03	1.0504e-10
2.3950e+03	9.0972e-11
2.3975e+03	9.7996e-11
2.3999e+03	9.3395e-11
2.4023e+03	9.9428e-11
2.4048e+03	1.2254e-10
2.4072e+03	1.1265e-10
2.4097e+03	9.2228e-11
2.4121e+03	9.0745e-11
2.4146e+03	1.0651e-10
2.4170e+03	1.0227e-10
2.4194e+03	1.1033e-10
2.4219e+03	1.3777e-10
2.4243e+03	1.0149e-10
2.4268e+03	6.9030e-11
2.4292e+03	7.5562e-11
2.4316e+03	9.1198e-11
2.4341e+03	1.0692e-10
2.4365e+03	7.3525e-11
2.4390e+03	6.2136e-11
2.4414e+03	7.7817e-11
2.4438e+03	8.3063e-11
2.4463e+03	7.8074e-11
2.4487e+03	9.2379e-11
2.4512e+03	1.0815e-10
2.4536e+03	8.8478e-11
2.4561e+03	7.9464e-11
2.4585e+03	9.8348e-11
2.4609e+03	9.8810e-11
2.4634e+03	8.5004e-11
2.4658e+03	9.8640e-11
2.4683e+03	9.6718e-11
2.4707e+03	9.1440e-11
2.4731e+03	8.2029e-11
2.4756e+03	8.1598e-11
2.4780e+03	9.2680e-11
2.4805e+03	8.6204e-11
2.4829e+03	9.2716e-11
2.4854e+03	1.2901e-10
2.4878e+03	9.0083e-11
2.4902e+03	9.4545e-11
2.4927e+03	9.3212e-11
2.4951e+03	9.2257e-11
2.4976e+03	9.0576e-11
2.5000e+03	8.9595e-11
2.5024e+03	1.1366e-10
2.5049e+03	1.1251e-10
2.5073e+03	7.9825e-11
2.5098e+03	8.9672e-11
2.5122e+03	1.0900e-10
2.5146e+03	1.0488e-10
2.5171e+03	8.3760e-11
2.5195e+03	7.8450e-11
2.5220e+03	6.9091e-11
2.5244e+03	9.6059e-11
2.5269e+03	1.2226e-10
2.5293e+03	1.1666e-10
2.5317e+03	9.9169e-11
2.5342e+03	1.0338e-10
2.5366e+03	1.0842e-10
2.5391e+03	1.1615e-10
2.5415e+03	1.1079e-10
2.5439e+03	9.8930e-11
2.5464e+03	1.0323e-10
2.5488e+03	9.5601e-11
2.5513e+03	7.0426e-11
2.5537e+03	8.5416e-11
2.5562e+03	8.5153e-11
2.5586e+03	8.3082e-11
2.5610e+03	1.0007e-10
2.5635e+03	1.0845e-10
2.5659e+03	1.0152e-10
2.5684e+03	8.5553e-11
2.5708e+03	7.0458e-11
2.5732e+03	5.8622e-11
2.5757e+03	7.5615e-11
2.5781e+03	1.0608e-10
2.5806e+03	1.1341e-10
2.5830e+03	1.2004e-10
2.5854e+03	1.0810e-10
2.5879e+03	9.2757e-11
2.5903e+03	1.1760e-10
2.5928e+03	1.0827e-10
2.5952e+03	5.7596e-11
2.5977e+03	8.3535e-11
2.6001e+03	9.8346e-11
2.6025e+03	7.6313e-11
2.6050e+03	1.0548e-10
2.6074e+03	1.1379e-10
2.6099e+03	1.0932e-10
2.6123e+03	9.5117e-11
2.6147e+03	7.7117e-11
2.6172e+03	7.9232e-11
2.6196e+03	1.1079e-10
2.6221e+03	9.0902e-11
2.6245e+03	7.5320e-11
2.6270e+03	8.2898e-11
2.6294e+03	9.0877e-11
2.6318e+03	9.1281e-11
2.6343e+03	9.8245e-11
2.6367e+03	8.0050e-11
2.6392e+03	1.0642e-10
2.6416e+03	1.0463e-10
2.6440e+03	9.5256e-11
2.6465e+03	9.3584e-11
2.6489e+03	1.0470e-10
2.6514e+03	1.0240e-10
2.6538e+03	1.1181e-10
2.6562e+03	1.0360e-10
2.6587e+03	1.1532e-10
2.6611e+03	9.5504e-11
2.6636e+03	7.7823e-11
2.6660e+03	9.2971e-11
2.6685e+03	8.8910e-11
2.6709e+03	9.0330e-11
2.6733e+03	9.0869e-11
2.6758e+03	8.5944e-11
2.6782e+03	9.3354e-11
2.6807e+03	8.1618e-11
2.6831e+03	7.0679e-11
2.6855e+03	8.6902e-11
2.6880e+03	9.2193e-11
2.6904e+03	1.0545e-10
2.6929e+03	1.1164e-10
2.6953e+03	1.0160e-10
2.6978e+03	8.6114e-11
2.7002e+03	7.9095e-11
2.7026e+03	8.7756e-11
2.7051e+03	1.0198e-10
2.7075e+03	9.1820e-11
2.7100e+03	9.0559e-11
2.7124e+03	7.8222e-11
2.7148e+03	9.6633e-11
2.7173e+03	8.9012e-11
2.7197e+03	8.1332e-11
2.7222e+03	9.4535e-11
2.7246e+03	8.9969e-11
2.7271e+03	8.6232e-11
2.7295e+03	9.4460e-11
2.7319e+03	9.3301e-11
2.7344e+03	1.0918e-10
2.7368e+03	1.1515e-10
2.7393e+03	1.3347e-10
2.7417e+03	1.4064e-10
2.7441e+03	1.0766e-10
2.7466e+03	9.1549e-11
2.7490e+03	9.2013e-11
2.7515e+03	1.0919e-10
2.7539e+03	1.0306e-10
2.7563e+03	1.0787e-10
2.7588e+03	1.1412e-10
2.7612e+03	9.7388e-11
2.7637e+03	7.8501e-11
2.7661e+03	8.3112e-11
2.7686e+03	9.2042e-11
2.7710e+03	9.6970e-11
2.7734e+03	1.0104e-10
2.7759e+03	8.6562e-11
2.7783e+03	7.5050e-11
2.7808e+03	9.2552e-11
2.7832e+03	9.6124e-11
2.7856e+03	8.3553e-11
2.7881e+03	8.7267e-11
2.7905e+03	8.6120e-11
2.7930e+03	1.0419e-10
2.7954e+03	1.0571e-10
2.7979e+03	9.3276e-11
2.8003e+03	8.1472e-11
2.8027e+03	9.2603e-11
2.8052e+03	9.2008e-11
2.8076e+03	8.0670e-11
2.8101e+03	1.1044e-10
2.8125e+03	1.1027e-10
2.8149e+03	9.7329e-11
2.8174e+03	1.0575e-10
2.8198e+03	1.4193e-10
2.8223e+03	1.3789e-10
2.8247e+03	1.1230e-10
2.8271e+03	1.2598e-10
2.8296e+03	1.1349e-10
2.8320e+03	9.5062e-11
2.8345e+03	1.1220e-10
2.8369e+03	1.1867e-10
2.8394e+03	1.1181e-10
2.8418e+03	1.3337e-10
2.8442e+03	1.2092e-10
2.8467e+03	9.5694e-11
2.8491e+03	8.6768e-11
2.8516e+03	6.9640e-11
2.8540e+03	8.2972e-11
2.8564e+03	9.9487e-11
2.8589e+03	1.0925e-10
2.8613e+03	1.2099e-10
2.8638e+03	9.8731e-11
2.8662e+03	9.5505e-11
2.8687e+03	8.0142e-11
2.8711e+03	9.8220e-11
2.8735e+03	1.0337e-10
2.8760e+03	1.0192e-10
2.8784e+03	8.4366e-11
2.8809e+03	9.0455e-11
2.8833e+03	1.2093e-10
2.8857e+03	1.2235e-10
2.8882e+03	1.2404e-10
2.8906e+03	1.2682e-10
2.8931e+03	1.1541e-10
2.8955e+03	8.6058e-11
2.8979e+03	9.4449e-11
2.9004e+03	1.0500e-10
2.9028e+03	1.1285e-10
2.9053e+03	1.1921e-10
2.9077e+03	9.8996e-11
2.9102e+03	8.0821e-11
2.9126e+03	1.0806e-10
2.9150e+03	1.1149e-10
2.9175e+03	1.1873e-10
2.9199e+03	9.4438e-11
2.9224e+03	8.9080e-11
2.9248e+03	1.0713e-10
2.9272e+03	9.7007e-11
2.9297e+03	9.0196e-11
2.9321e+03	7.2937e-11
2.9346e+03	9.6816e-11
2.9370e+03	1.1244e-10
2.9395e+03	1.1965e-10
2.9419e+03	1.2006e-10
2.9443e+03	1.0718e-10
2.9468e+03	1.0197e-10
2.9492e+03	9.5814e-11
2.9517e+03	1.4444e-10
2.9541e+03	1.2492e-10
2.9565e+03	9.6316e-11
2.9590e+03	1.0421e-10
2.9614e+03	9.2566e-11
2.9639e+03	8.7470e-11
2.9663e+03	9.0426e-11
2.9688e+03	7.2885e-11
2.9712e+03	6.9509e-11
2.9736e+03	9.0017e-11
2.9761e+03	9.5259e-11
2.9785e+03	8.9047e-11
2.9810e+03	9.0717e-11
2.9834e+03	9.4304e-11
2.9858e+03	9.8528e-11
2.9883e+03	8.3265e-11
2.9907e+03	7.8307e-11
2.9932e+03	8.1563e-11
2.9956e+03	1.0100e-10
2.9980e+03	1.0346e-10
3.0005e+03	1.0952e-10
3.0029e+03	8.6376e-11
3.0054e+03	8.1383e-11
3.0078e+03	8.9636e-11
3.0103e+03	9.7177e-11
3.0127e+03	9.7620e-11
3.0151e+03	1.0475e-10
3.0176e+03	8.0330e-11
3.0200e+03	6.8621e-11
3.0225e+03	8.8156e-11
3.0249e+03	9.3572e-11
3.0273e+03	8.7382e-11
3.0298e+03	8.4876e-11
3.0322e+03	1.0138e-10
3.0347e+03	8.1728e-11
3.0371e+03	9.4217e-11
3.0396e+03	8.3845e-11
3.0420e+03	8.3414e-11
3.0444e+03	8.2823e-11
3.0469e+03	8.9669e-11
3.0493e+03	1.3471e-10
3.0518e+03	1.3556e-10
3.0542e+03	9.0885e-11
3.0566e+03	7.4312e-11
3.0591e+03	9.2545e-11
3.0615e+03	9.4584e-11
3.0640e+03	8.0568e-11
3.0664e+03	8.7917e-11
3.0688e+03	9.2695e-11
3.0713e+03	8.8236e-11
3.0737e+03	9.8454e-11
3.0762e+03	9.1564e-11
3.0786e+03	1.0362e-10
3.0811e+03	8.0491e-11
3.0835e+03	8.8848e-11
3.0859e+03	1.2127e-10
3.0884e+03	1.2657e-10
3.0908e+03	1.0353e-10
3.0933e+03	1.0173e-10
3.0957e+03	8.3712e-11
3.0981e+03	1.0310e-10
3.1006e+03	1.5160e-10
3.1030e+03	1.4186e-10
3.1055e+03	1.1452e-10
3.1079e+03	1.0065e-10
3.1104e+03	1.1119e-10
3.1128e+03	1.0260e-10
3.1152e+03	9.8277e-11
3.1177e+03	1.0101e-10
3.1201e+03	9.0711e-11
3.1226e+03	9.6163e-11
3.1250e+03	1.2438e-10
3.1274e+03	9.4386e-11
3.1299e+03	9.6959e-11
3.1323e+03	1.1170e-10
3.1348e+03	1.0014e-10
3.1372e+03	8.4885e-11
3.1396e+03	9.2646e-11
3.1421e+03	1.2193e-10
3.1445e+03	1.2420e-10
3.1470e+03	8.0173e-11
3.1494e+03	8.3498e-11
3.1519e+03	9.6558e-11
3.1543e+03	1.1708e-10
3.1567e+03	9.9363e-11
3.1592e+03	9.2701e-11
3.1616e+03	1.1052e-10
3.1641e+03	1.1476e-10
3.1665e+03	1.0318e-10
3.1689e+03	8.2520e-11
3.1714e+03	1.1264e-10
3.1738e+03	8.6007e-11
3.1763e+03	8.9793e-11
3.1787e+03	1.1509e-10
3.1812e+03	9.2483e-11
3.1836e+03	7.8890e-11
3.1860e+03	9.8408e-11
3.1885e+03	8.8950e-11
3.1909e+03	7.4477e-11
3.1934e+03	1.0518e-10
3.1958e+03	1.1670e-10
3.1982e+03	6.9343e-11
3.2007e+03	7.2372e-11
3.2031e+03	7.2601e-11
3.2056e+03	8.6686e-11
3.2080e+03	1.2726e-10
3.2104e+03	1.1218e-10
3.2129e+03	8.8421e-11
3.2153e+03	9.5539e-11
3.2178e+03	1.0277e-10
3.2202e+03	8.8965e-11
3.2227e+03	7.8986e-11
3.2251e+03	8.2819e-11
3.2275e+03	1.0945e-10
3.2300e+03	9.7532e-11
3.2324e+03	8.6105e-11
3.2349e+03	1.1544e-10
3.2373e+03	1.0586e-10
3.2397e+03	1.1946e-10
3.2422e+03	1.0776e-10
3.2446e+03	1.2405e-10
3.2471e+03	1.2936e-10
3.2495e+03	1.0379e-10
3.2520e+03	9.3980e-11
3.2544e+03	9.3216e-11
3.2568e+03	1.1682e-10
3.2593e+03	1.2494e-10
3.2617e+03	1.1287e-10
3.2642e+03	9.7329e-11
3.2666e+03	9.0872e-11
3.2690e+03	7.6290e-11
3.2715e+03	8.7032e-11
3.2739e+03	7.6210e-11
3.2764e+03	7.1644e-11
3.2788e+03	7.5424e-11
3.2812e+03	8.4325e-11
3.2837e+03	9.0849e-11
3.2861e+03	8.8442e-11
3.2886e+03	9.7940e-11
3.2910e+03	1.0861e-10
3.2935e+03	1.0143e-10
3.2959e+03	1.0308e-10
3.2983e+03	1.0548e-10
3.3008e+03	9.9631e-11
3.3032e+03	9.0719e-11
3.3057e+03	9.7626e-11
3.3081e+03	8.5144e-11
3.3105e+03	9.4589e-11
3.3130e+03	8.8937e-11
3.3154e+03	1.0737e-10
3.3179e+03	9.5682e-11
3.3203e+03	7.9748e-11
3.3228e+03	9.2831e-11
3.3252e+03	1.0984e-10
3.3276e+03	1.1913e-10
3.3301e+03	9.9467e-11
3.3325e+03	1.0653e-10
3.3350e+03	9.0569e-11
3.3374e+03	8.3664e-11
3.3398e+03	7.8747e-11
3.3423e+03	1.1221e-10
3.3447e+03	8.8328e-11
3.3472e+03	9.3965e-11
3.3496e+03	1.1039e-10
3.3521e+03	1.1080e-10
3.3545e+03	1.3036e-10
3.3569e+03	1.4632e-10
3.3594e+03	1.2548e-10
3.3618e+03	8.6030e-11
3.3643e+03	9.9815e-11
3.3667e+03	1.1629e-10
3.3691e+03	9.0188e-11
3.3716e+03	8.0886e-11
3.3740e+03	9.9964e-11
3.3765e+03	1.0836e-10
3.3789e+03	1.2226e-10
3.3813e+03	1.1633e-10
3.3838e+03	1.0767e-10
3.3862e+03	1.1295e-10
3.3887e+03	1.1111e-10
3.3911e+03	1.1871e-10
3.3936e+03	1.1563e-10
3.3960e+03	1.1752e-10
3.3984e+03	9.7331e-11
3.4009e+03	9.2330e-11
3.4033e+03	1.0899e-10
3.4058e+03	1.1299e-10
3.4082e+03	8.8228e-11
3.4106e+03	9.9181e-11
3.4131e+03	1.0597e-10
3.4155e+03	9.1205e-11
3.4180e+03	7.2159e-11
3.4204e+03	7.8961e-11
3.4229e+03	8.3022e-11
3.4253e+03	1.0263e-10
3.4277e+03	1.0451e-10
3.4302e+03	8.4352e-11
3.4326e+03	9.4643e-11
3.4351e+03	9.1670e-11
3.4375e+03	1.0007e-10
3.4399e+03	1.0041e-10
3.4424e+03	1.0863e-10
3.4448e+03	1.0181e-10
3.4473e+03	1.0163e-10
3.4497e+03	8.5024e-11
3.4521e+03	8.1223e-11
3.4546e+03	8.4445e-11
3.4570e+03	9.9497e-11
3.4595e+03	1.1667e-10
3.4619e+03	1.2504e-10
3.4644e+03	1.1353e-10
3.4668e+03	1.0190e-10
3.4692e+03	9.9785e-11
3.4717e+03	1.0282e-10
3.4741e+03	8.6401e-11
3.4766e+03	9.5350e-11
3.4790e+03	1.0826e-10
3.4814e+03	9.7251e-11
3.4839e+03	9.7529e-11
3.4863e+03	9.3167e-11
3.4888e+03	8.1719e-11
3.4912e+03	8.5541e-11
3.4937e+03	8.7787e-11
3.4961e+03	8.5660e-11
3.4985e+03	7.1034e-11
3.5010e+03	8.1038e-11
3.5034e+03	1.0010e-10
3.5059e+03	9.8249e-11
3.5083e+03	1.1621e-10
3.5107e+03	9.8957e-11
3.5132e+03	8.4183e-11
3.5156e+03	9.4135e-11
3.5181e+03	8.7851e-11
3.5205e+03	9.2717e-11
3.5229e+03	9.0213e-11
3.5254e+03	1.0329e-10
3.5278e+03	1.2465e-10
3.5303e+03	1.0558e-10
3.5327e+03	9.5950e-11
3.5352e+03	8.0296e-11
3.5376e+03	7.0972e-11
3.5400e+03	6.9890e-11
3.5425e+03	9.3187e-11
3.5449e+03	8.8561e-11
3.5474e+03	1.1751e-10
3.5498e+03	1.1770e-10
3.5522e+03	1.0654e-10
3.5547e+03	9.8731e-11
3.5571e+03	1.2015e-10
3.5596e+03	1.2365e-10
3.5620e+03	1.2479e-10
3.5645e+03	1.1291e-10
3.5669e+03	8.7373e-11
3.5693e+03	1.0480e-10
3.5718e+03	9.5831e-11
3.5742e+03	9.0136e-11
3.5767e+03	8.5395e-11
3.5791e+03	9.2557e-11
3.5815e+03	1.0789e-10
3.5840e+03	1.0261e-10
3.5864e+03	1.1685e-10
3.5889e+03	1.2482e-10
3.5913e+03	1.2918e-10
3.5938e+03	8.9773e-11
3.5962e+03	1.0951e-10
3.5986e+03	9.1509e-11
3.6011e+03	7.0047e-11
3.6035e+03	1.0417e-10
3.6060e+03	1.1076e-10
3.6084e+03	1.0484e-10
3.6108e+03	1.1231e-10
3.6133e+03	1.0067e-10
3.6157e+03	1.0883e-10
3.6182e+03	9.0889e-11
3.6206e+03	1.2267e-10
3.6230e+03	1.2728e-10
3.6255e+03	1.0155e-10
3.6279e+03	1.1191e-10
3.6304e+03	9.4126e-11
3.6328e+03	7.7616e-11
3.6353e+03	7.7646e-11
3.6377e+03	8.8149e-11
3.6401e+03	8.7405e-11
3.6426e+03	8.6445e-11
3.6450e+03	8.9337e-11
3.6475e+03	1.2190e-10
3.6499e+03	1.1196e-10
3.6523e+03	9.6735e-11
3.6548e+03	1.0210e-10
3.6572e+03	8.6255e-11
3.6597e+03	6.7451e-11
3.6621e+03	8.6763e-11
3.6646e+03	9.5465e-11
3.6670e+03	1.1640e-10
3.6694e+03	1.0452e-10
3.6719e+03	1.0422e-10
3.6743e+03	8.7832e-11
3.6768e+03	1.0857e-10
3.6792e+03	1.1469e-10
3.6816e+03	9.8789e-11
3.6841e+03	7.9003e-11
3.6865e+03	8.1225e-11
3.6890e+03	1.1077e-10
3.6914e+03	9.5684e-11
3.6938e+03	7.9290e-11
3.6963e+03	9.2994e-11
3.6987e+03	9.8821e-11
3.7012e+03	1.0566e-10
3.7036e+03	9.5341e-11
3.7061e+03	7.5808e-11
3.7085e+03	8.1081e-11
3.7109e+03	9.5049e-11
3.7134e+03	1.0598e-10
3.7158e+03	1.0341e-10
3.7183e+03	9.7035e-11
3.7207e+03	1.0410e-10
3.7231e+03	1.0077e-10
3.7256e+03	1.1535e-10
3.7280e+03	9.3524e-11
3.7305e+03	9.0804e-11
3.7329e+03	1.0051e-10
3.7354e+03	8.8987e-11
3.7378e+03	7.3435e-11
3.7402e+03	7.5472e-11
3.7427e+03	8.6545e-11
3.7451e+03	1.1632e-10
3.7476e+03	1.0448e-10
3.7500e+03	1.0266e-10
3.7524e+03	1.0402e-10
3.7549e+03	1.1667e-10
3.7573e+03	1.1967e-10
3.7598e+03	9.4456e-11
3.7622e+03	8.7775e-11
3.7646e+03	9.0891e-11
3.7671e+03	1.0603e-10
3.7695e+03	1.0413e-10
3.7720e+03	9.2063e-11
3.7744e+03	9.0673e-11
3.7769e+03	1.0786e-10
3.7793e+03	9.8190e-11
3.7817e+03	1.0270e-10
3.7842e+03	1.0746e-10
3.7866e+03	1.0970e-10
3.7891e+03	1.1419e-10
3.7915e+03	1.0369e-10
3.7939e+03	1.0773e-10
3.7964e+03	9.0991e-11
3.7988e+03	8.8955e-11
3.8013e+03	9.0639e-11
3.8037e+03	1.0196e-10
3.8062e+03	1.1576e-10
3.8086e+03	9.2237e-11
3.8110e+03	9.4395e-11
3.8135e+03	1.1364e-10
3.8159e+03	8.6931e-11
3.8184e+03	7.4555e-11
3.8208e+03	7.2104e-11
3.8232e+03	7.4364e-11
3.8257e+03	6.3405e-11
3.8281e+03	8.8967e-11
3.8306e+03	8.4177e-11
3.8330e+03	8.7957e-11
3.8354e+03	9.6379e-11
3.8379e+03	1.1782e-10
3.8403e+03	1.1268e-10
3.8428e+03	1.0702e-10
3.8452e+03	1.1695e-10
3.8477e+03	1.0887e-10
3.8501e+03	8.4686e-11
3.8525e+03	8.7412e-11
3.8550e+03	1.2062e-10
3.8574e+03	1.1770e-10
3.8599e+03	9.5375e-11
3.8623e+03	8.9939e-11
3.8647e+03	1.0053e-10
3.8672e+03	8.1188e-11
3.8696e+03	8.9785e-11
3.8721e+03	1.0138e-10
3.8745e+03	8.2170e-11
3.8770e+03	7.8737e-11
3.8794e+03	9.0744e-11
3.8818e+03	1.0284e-10
3.8843e+03	1.3351e-10
3.8867e+03	1.0962e-10
3.8892e+03	7.8984e-11
3.8916e+03	7.4567e-11
3.8940e+03	9.3889e-11
3.8965e+03	1.0428e-10
3.8989e+03	9.3979e-11
3.9014e+03	1.1007e-10
3.9038e+03	1.2727e-10
3.9062e+03	8.9347e-11
3.9087e+03	7.8158e-11
3.9111e+03	8.3735e-11
3.9136e+03	9.8962e-11
3.9160e+03	9.3585e-11
3.9185e+03	1.0325e-10
3.9209e+03	1.1095e-10
3.9233e+03	1.0717e-10
3.9258e+03	1.0924e-10
3.9282e+03	1.2837e-10
3.9307e+03	1.1007e-10
3.9331e+03	1.3389e-10
3.9355e+03	1.4152e-10
3.9380e+03	1.2280e-10
3.9404e+03	1.2128e-10
3.9429e+03	1.1525e-10
3.9453e+03	1.1983e-10
3.9478e+03	1.1760e-10
3.9502e+03	1.0041e-10
3.9526e+03	1.1753e-10
3.9551e+03	1.0014e-10
3.9575e+03	8.9038e-11
3.9600e+03	7.9654e-11
3.9624e+03	8.4271e-11
3.9648e+03	9.0681e-11
3.9673e+03	1.0945e-10
3.9697e+03	1.1230e-10
3.9722e+03	1.1309e-10
3.9746e+03	1.1141e-10
3.9771e+03	1.1411e-10
3.9795e+03	1.1590e-10
3.9819e+03	1.0716e-10
3.9844e+03	9.6033e-11
3.9868e+03	8.2560e-11
3.9893e+03	7.5639e-11
3.9917e+03	7.9377e-11
3.9941e+03	7.9229e-11
3.9966e+03	9.1699e-11
3.9990e+03	7.4333e-11
4.0015e+03	9.6828e-11
4.0039e+03	9.8465e-11
4.0063e+03	9.5660e-11
4.0088e+03	1.0845e-10
4.0112e+03	1.2032e-10
4.0137e+03	1.4694e-10
4.0161e+03	1.4549e-10
4.0186e+03	1.2068e-10
4.0210e+03	9.6042e-11
4.0234e+03	8.5353e-11
4.0259e+03	8.7204e-11
4.0283e+03	1.0162e-10
4.0308e+03	1.0657e-10
4.0332e+03	9.9628e-11
4.0356e+03	9.3836e-11
4.0381e+03	8.9494e-11
4.0405e+03	7.7608e-11
4.0430e+03	8.8637e-11
4.0454e+03	1.1286e-10
4.0479e+03	1.0502e-10
4.0503e+03	1.1103e-10
4.0527e+03	1.3547e-10
4.0552e+03	1.2090e-10
4.0576e+03	1.0744e-10
4.0601e+03	1.2696e-10
4.0625e+03	1.0685e-10
4.0649e+03	1.0705e-10
4.0674e+03	8.5992e-11
4.0698e+03	9.9997e-11
4.0723e+03	1.1173e-10
4.0747e+03	8.5532e-11
4.0771e+03	8.3360e-11
4.0796e+03	8.5347e-11
4.0820e+03	9.9962e-11
4.0845e+03	9.5989e-11
4.0869e+03	6.5781e-11
4.0894e+03	7.9381e-11
4.0918e+03	1.1988e-10
4.0942e+03	1.2381e-10
4.0967e+03	9.0978e-11
4.0991e+03	9.0441e-11
4.1016e+03	1.0695e-10
4.1040e+03	9.2919e-11
4.1064e+03	8.6043e-11
4.1089e+03	1.0236e-10
4.1113e+03	1.0148e-10
4.1138e+03	1.1695e-10
4.1162e+03	1.3493e-10
4.1187e+03	1.2205e-10
4.1211e+03	9.1375e-11
4.1235e+03	1.1590e-10
4.1260e+03	1.4080e-10
4.1284e+03	9.6895e-11
4.1309e+03	8.7695e-11
4.1333e+03	9.8169e-11
4.1357e+03	8.3802e-11
4.1382e+03	7.5615e-11
4.1406e+03	9.6886e-11
4.1431e+03	9.9615e-11
4.1455e+03	9.1786e-11
4.1479e+03	8.4736e-11
4.1504e+03	8.5611e-11
4.1528e+03	8.2330e-11
4.1553e+03	8.8840e-11
4.1577e+03	9.2061e-11
4.1602e+03	9.2387e-11
4.1626e+03	1.0118e-10
4.1650e+03	7.3982e-11
4.1675e+03	8.6259e-11
4.1699e+03	8.4945e-11
4.1724e+03	9.9919e-11
4.1748e+03	1.1313e-10
4.1772e+03	9.7461e-11
4.1797e+03	9.7325e-11
4.1821e+03	9.6280e-11
4.1846e+03	1.0123e-10
4.1870e+03	1.0156e-10
4.1895e+03	9.8489e-11
4.1919e+03	1.0016e-10
4.1943e+03	9.1870e-11
4.1968e+03	9.0582e-11
4.1992e+03	1.0100e-10
4.2017e+03	1.1627e-10
4.2041e+03	9.2378e-11
4.2065e+03	8.1684e-11
4.2090e+03	1.0472e-10
4.2114e+03	1.1360e-10
4.2139e+03	1.0494e-10
4.2163e+03	1.1383e-10
4.2188e+03	1.2162e-10
4.2212e+03	1.2943e-10
4.2236e+03	1.0223e-10
4.2261e+03	9.8243e-11
4.2285e+03	8.5931e-11
4.2310e+03	1.2011e-10
4.2334e+03	1.0701e-10
4.2358e+03	7.3353e-11
4.2383e+03	8.3286e-11
4.2407e+03	1.0135e-10
4.2432e+03	1.1482e-10
4.2456e+03	1.1328e-10
4.2480e+03	9.6908e-11
4.2505e+03	8.2859e-11
4.2529e+03	8.7969e-11
4.2554e+03	1.0138e-10
4.2578e+03	1.1736e-10
4.2603e+03	1.2651e-10
4.2627e+03	1.1992e-10
4.2651e+03	1.1897e-10
4.2676e+03	9.0310e-11
4.2700e+03	7.2436e-11
4.2725e+03	9.6346e-11
4.2749e+03	1.0429e-10
4.2773e+03	7.8431e-11
4.2798e+03	1.1917e-10
4.2822e+03	1.1857e-10
4.2847e+03	1.0588e-10
4.2871e+03	8.3693e-11
4.2896e+03	8.3071e-11
4.2920e+03	9.6558e-11
4.2944e+03	8.9892e-11
4.2969e+03	1.0543e-10
4.2993e+03	1.1906e-10
4.3018e+03	1.0211e-10
4.3042e+03	9.6444e-11
4.3066e+03	9.0997e-11
4.3091e+03	9.5382e-11
4.3115e+03	1.0134e-10
4.3140e+03	9.7392e-11
4.3164e+03	9.8216e-11
4.3188e+03	1.0419e-10
4.3213e+03	8.6305e-11
4.3237e+03	8.8639e-11
4.3262e+03	1.0313e-10
4.3286e+03	1.0790e-10
4.3311e+03	1.1881e-10
4.3335e+03	9.9581e-11
4.3359e+03	8.8292e-11
4.3384e+03	9.9312e-11
4.3408e+03	1.0843e-10
4.3433e+03	1.0202e-10
4.3457e+03	9.8928e-11
4.3481e+03	1.0924e-10
4.3506e+03	1.2129e-10
4.3530e+03	1.1550e-10
4.3555e+03	9.3486e-11
4.3579e+03	1.0788e-10
4.3604e+03	1.1965e-10
4.3628e+03	9.5314e-11
4.3652e+03	9.1786e-11
4.3677e+03	7.7104e-11
4.3701e+03	8.6822e-11
4.3726e+03	1.0361e-10
4.3750e+03	1.0459e-10
4.3774e+03	9.3326e-11
4.3799e+03	8.4254e-11
4.3823e+03	8.2742e-11
4.3848e+03	1.3263e-10
4.3872e+03	1.3756e-10
4.3896e+03	1.0301e-10
4.3921e+03	1.0441e-10
4.3945e+03	8.6699e-11
4.3970e+03	1.0397e-10
4.3994e+03	1.0502e-10
4.4019e+03	1.1094e-10
4.4043e+03	9.3237e-11
4.4067e+03	7.3701e-11
4.4092e+03	8.7495e-11
4.4116e+03	8.6716e-11
4.4141e+03	9.1955e-11
4.4165e+03	8.8246e-11
4.4189e+03	9.2542e-11
4.4214e+03	1.0796e-10
4.4238e+03	1.0101e-10
4.4263e+03	9.8776e-11
4.4287e+03	9.9803e-11
4.4312e+03	1.0746e-10
4.4336e+03	1.0536e-10
4.4360e+03	1.0690e-10
4.4385e+03	1.1116e-10
4.4409e+03	9.9218e-11
4.4434e+03	1.1961e-10
4.4458e+03	1.0403e-10
4.4482e+03	7.8109e-11
4.4507e+03	7.5171e-11
4.4531e+03	1.0482e-10
4.4556e+03	1.0524e-10
4.4580e+03	8.9453e-11
4.4604e+03	9.3452e-11
4.4629e+03	8.4153e-11
4.4653e+03	8.6596e-11
4.4678e+03	9.7479e-11
4.4702e+03	9.1220e-11
4.4727e+03	8.5451e-11
4.4751e+03	8.0828e-11
4.4775e+03	9.5409e-11
4.4800e+03	1.0352e-10
4.4824e+03	9.5567e-11
4.4849e+03	1.2571e-10
4.4873e+03	1.2780e-10
4.4897e+03	9.9347e-11
4.4922e+03	9.6975e-11
4.4946e+03	9.6346e-11
4.4971e+03	7.7835e-11
4.4995e+03	9.1022e-11
4.5020e+03	1.0304e-10
4.5044e+03	9.3330e-11
4.5068e+03	1.1069e-10
4.5093e+03	1.2241e-10
4.5117e+03	1.0605e-10
4.5142e+03	9.6457e-11
4.5166e+03	1.0372e-10
4.5190e+03	1.2595e-10
4.5215e+03	1.1018e-10
4.5239e+03	9.3053e-11
4.5264e+03	1.0458e-10
4.5288e+03	1.0905e-10
4.5312e+03	1.0756e-10
4.5337e+03	8.6629e-11
4.5361e+03	9.0684e-11
4.5386e+03	1.0451e-10
4.5410e+03	9.0695e-11
4.5435e+03	9.0183e-11
4.5459e+03	9.1187e-11
4.5483e+03	1.0110e-10
4.5508e+03	1.0273e-10
4.5532e+03	9.1969e-11
4.5557e+03	7.8909e-11
4.5581e+03	7.8966e-11
4.5605e+03	9.2799e-11
4.5630e+03	9.7356e-11
4.5654e+03	1.0613e-10
4.5679e+03	1.0538e-10
4.5703e+03	1.0677e-10
4.5728e+03	1.2221e-10
4.5752e+03	1.2828e-10
4.5776e+03	1.0177e-10
4.5801e+03	8.8364e-11
4.5825e+03	7.5977e-11
4.5850e+03	1.0945e-10
4.5874e+03	1.3530e-10
4.5898e+03	1.0590e-10
4.5923e+03	9.3429e-11
4.5947e+03	1.1921e-10
4.5972e+03	1.0823e-10
4.5996e+03	7.8020e-11
4.6021e+03	9.1431e-11
4.6045e+03	1.1560e-10
4.6069e+03	9.4116e-11
4.6094e+03	7.0307e-11
4.6118e+03	8.3338e-11
4.6143e+03	8.1699e-11
4.6167e+03	8.0589e-11
4.6191e+03	9.0679e-11
4.6216e+03	9.8259e-11
4.6240e+03	8.4085e-11
4.6265e+03	7.7738e-11
4.6289e+03	9.1349e-11
4.6313e+03	1.2612e-10
4.6338e+03	9.8407e-11
4.6362e+03	9.6234e-11
4.6387e+03	1.1908e-10
4.6411e+03	9.7883e-11
4.6436e+03	9.2359e-11
4.6460e+03	1.1195e-10
4.6484e+03	1.0388e-10
4.6509e+03	1.2108e-10
4.6533e+03	1.2109e-10
4.6558e+03	9.4734e-11
4.6582e+03	9.7451e-11
4.6606e+03	1.0068e-10
4.6631e+03	8.6312e-11
4.6655e+03	1.0667e-10
4.6680e+03	8.4746e-11
4.6704e+03	8.5974e-11
4.6729e+03	8.7294e-11
4.6753e+03	8.1312e-11
4.6777e+03	1.0691e-10
4.6802e+03	1.0379e-10
4.6826e+03	8.5626e-11
4.6851e+03	1.0446e-10
4.6875e+03	9.8172e-11
4.6899e+03	8.6365e-11
4.6924e+03	1.0873e-10
4.6948e+03	1.0794e-10
4.6973e+03	9.9360e-11
4.6997e+03	1.2490e-10
4.7021e+03	1.3750e-10
4.7046e+03	1.1170e-10
4.7070e+03	9.3848e-11
4.7095e+03	8.9821e-11
4.7119e+03	9.3631e-11
4.7144e+03	9.9665e-11
4.7168e+03	9.7450e-11
4.7192e+03	1.4964e-10
4.7217e+03	1.1690e-10
4.7241e+03	8.9152e-11
4.7266e+03	8.8004e-11
4.7290e+03	8.0811e-11
4.7314e+03	8.9572e-11
4.7339e+03	1.0350e-10
4.7363e+03	1.3499e-10
4.7388e+03	1.1934e-10
4.7412e+03	1.0259e-10
4.7437e+03	1.0142e-10
4.7461e+03	8.5046e-11
4.7485e+03	8.1283e-11
4.7510e+03	7.1713e-11
4.7534e+03	9.3360e-11
4.7559e+03	9.9156e-11
4.7583e+03	1.1616e-10
4.7607e+03	1.5521e-10
4.7632e+03	1.1749e-10
4.7656e+03	9.9416e-11
4.7681e+03	9.4884e-11
4.7705e+03	1.0122e-10
4.7729e+03	9.6522e-11
4.7754e+03	1.0346e-10
4.7778e+03	9.3490e-11
4.7803e+03	1.2959e-10
4.7827e+03	1.1578e-10
4.7852e+03	1.1007e-10
4.7876e+03	8.8328e-11
4.7900e+03	9.1235e-11
4.7925e+03	8.7194e-11
4.7949e+03	9.2320e-11
4.7974e+03	1.0567e-10
4.7998e+03	8.4340e-11
4.8022e+03	1.1108e-10
4.8047e+03	1.1021e-10
4.8071e+03	9.1054e-11
4.8096e+03	8.8339e-11
4.8120e+03	1.1036e-10
4.8145e+03	1.1612e-10
4.8169e+03	1.0029e-10
4.8193e+03	8.3341e-11
4.8218e+03	9.6530e-11
4.8242e+03	9.6158e-11
4.8267e+03	1.2188e-10
4.8291e+03	1.1810e-10
4.8315e+03	1.0917e-10
4.8340e+03	1.0958e-10
4.8364e+03	1.2131e-10
4.8389e+03	1.3034e-10
4.8413e+03	1.2438e-10
4.8438e+03	1.1936e-10
4.8462e+03	1.0322e-10
4.8486e+03	1.1587e-10
4.8511e+03	1.2716e-10
4.8535e+03	1.0991e-10
4.8560e+03	9.8028e-11
4.8584e+03	1.0240e-10
4.8608e+03	8.8319e-11
4.8633e+03	8.5854e-11
4.8657e+03	9.5267e-11
4.8682e+03	8.9733e-11
4.8706e+03	1.0894e-10
4.8730e+03	1.1375e-10
4.8755e+03	8.9197e-11
4.8779e+03	9.0443e-11
4.8804e+03	9.3597e-11
4.8828e+03	1.1349e-10
4.8853e+03	1.3481e-10
4.8877e+03	1.0285e-10
4.8901e+03	1.0053e-10
4.8926e+03	8.9004e-11
4.8950e+03	8.6276e-11
4.8975e+03	8.8973e-11
4.8999e+03	1.0645e-10
4.9023e+03	1.1900e-10
4.9048e+03	1.0949e-10
4.9072e+03	7.5288e-11
4.9097e+03	8.3885e-11
4.9121e+03	1.2765e-10
4.9146e+03	1.2005e-10
4.9170e+03	1.2063e-10
4.9194e+03	1.0667e-10
4.9219e+03	9.8084e-11
4.9243e+03	9.2647e-11
4.9268e+03	9.6966e-11
4.9292e+03	8.4070e-11
4.9316e+03	9.6158e-11
4.9341e+03	1.0289e-10
4.9365e+03	9.3580e-11
4.9390e+03	7.6088e-11
4.9414e+03	9.1150e-11
4.9438e+03	1.0595e-10
4.9463e+03	1.0202e-10
4.9487e+03	8.7391e-11
4.9512e+03	8.9420e-11
4.9536e+03	9.2054e-11
4.9561e+03	7.8919e-11
4.9585e+03	1.1725e-10
4.9609e+03	1.1493e-10
4.9634e+03	8.8579e-11
4.9658e+03	9.0203e-11
4.9683e+03	7.4274e-11
4.9707e+03	7.9533e-11
4.9731e+03	9.3805e-11
4.9756e+03	1.2259e-10
4.9780e+03	1.1661e-10
4.9805e+03	9.7110e-11
4.9829e+03	1.0590e-10
4.9854e+03	9.6838e-11
4.9878e+03	1.0530e-10
4.9902e+03	8.0385e-11
4.9927e+03	1.0037e-10
4.9951e+03	1.2069e-10
4.9976e+03	1.2509e-10
5.0000e+03	1.0567e-10
5.0024e+03	9.1513e-11
5.0049e+03	1.0037e-10
5.0073e+03	1.0685e-10
5.0098e+03	1.0403e-10
5.0122e+03	1.0499e-10
5.0146e+03	1.1186e-10
5.0171e+03	1.0975e-10
5.0195e+03	9.9751e-11
5.0220e+03	7.6509e-11
5.0244e+03	1.2090e-10
5.0269e+03	1.4290e-10
5.0293e+03	8.6276e-11
5.0317e+03	7.5223e-11
5.0342e+03	9.3958e-11
5.0366e+03	9.8195e-11
5.0391e+03	1.1033e-10
5.0415e+03	9.6951e-11
5.0439e+03	9.8592e-11
5.0464e+03	1.1010e-10
5.0488e+03	9.6255e-11
5.0513e+03	9.8248e-11
5.0537e+03	9.4058e-11
5.0562e+03	1.1043e-10
5.0586e+03	8.9359e-11
5.0610e+03	8.3403e-11
5.0635e+03	1.1821e-10
5.0659e+03	1.2741e-10
5.0684e+03	8.1847e-11
5.0708e+03	7.8850e-11
5.0732e+03	8.7845e-11
5.0757e+03	9.1755e-11
5.0781e+03	1.0295e-10
5.0806e+03	9.0979e-11
5.0830e+03	8.4828e-11
5.0854e+03	1.0035e-10
5.0879e+03	9.9643e-11
5.0903e+03	1.0198e-10
5.0928e+03	8.8255e-11
5.0952e+03	9.1522e-11
5.0977e+03	9.2709e-11
5.1001e+03	7.4815e-11
5.1025e+03	8.1985e-11
5.1050e+03	9.7781e-11
5.1074e+03	9.8988e-11
5.1099e+03	7.3526e-11
5.1123e+03	9.6610e-11
5.1147e+03	8.7312e-11
5.1172e+03	1.1013e-10
5.1196e+03	1.0935e-10
5.1221e+03	1.0493e-10
5.1245e+03	8.9709e-11
5.1270e+03	9.4706e-11
5.1294e+03	1.0494e-10
5.1318e+03	9.8322e-11
5.1343e+03	1.0002e-10
5.1367e+03	1.0551e-10
5.1392e+03	1.0385e-10
5.1416e+03	8.9892e-11
5.1440e+03	7.6820e-11
5.1465e+03	7.4349e-11
5.1489e+03	8.5156e-11
5.1514e+03	1.0186e-10
5.1538e+03	1.0036e-10
5.1562e+03	1.3283e-10
5.1587e+03	1.1599e-10
5.1611e+03	1.1194e-10
5.1636e+03	9.2875e-11
5.1660e+03	7.9004e-11
5.1685e+03	9.5622e-11
5.1709e+03	9.4318e-11
5.1733e+03	8.2290e-11
5.1758e+03	6.6020e-11
5.1782e+03	8.4320e-11
5.1807e+03	1.0518e-10
5.1831e+03	7.5973e-11
5.1855e+03	8.3481e-11
5.1880e+03	1.0557e-10
5.1904e+03	1.1424e-10
5.1929e+03	1.0414e-10
5.1953e+03	1.0462e-10
5.1978e+03	1.0525e-10
5.2002e+03	1.0592e-10
5.2026e+03	1.0044e-10
5.2051e+03	7.1009e-11
5.2075e+03	7.9843e-11
5.2100e+03	9.1575e-11
5.2124e+03	8.5362e-11
5.2148e+03	1.1692e-10
5.2173e+03	1.1420e-10
5.2197e+03	1.0569e-10
5.2222e+03	6.7950e-11
5.2246e+03	7.9264e-11
5.2271e+03	9.9572e-11
5.2295e+03	9.0537e-11
5.2319e+03	7.6524e-11
5.2344e+03	8.3037e-11
5.2368e+03	1.1998e-10
5.2393e+03	8.0530e-11
5.2417e+03	8.7499e-11
5.2441e+03	1.0878e-10
5.2466e+03	1.2184e-10
5.2490e+03	1.3242e-10
5.2515e+03	9.8681e-11
5.2539e+03	1.1078e-10
5.2563e+03	1.2828e-10
5.2588e+03	1.2982e-10
5.2612e+03	1.1366e-10
5.2637e+03	9.6579e-11
5.2661e+03	1.0366e-10
5.2686e+03	1.0686e-10
5.2710e+03	9.5156e-11
5.2734e+03	8.2181e-11
5.2759e+03	9.8700e-11
5.2783e+03	1.1119e-10
5.2808e+03	1.1752e-10
5.2832e+03	8.2938e-11
5.2856e+03	6.7052e-11
5.2881e+03	8.4290e-11
5.2905e+03	1.0323e-10
5.2930e+03	1.1074e-10
5.2954e+03	1.0514e-10
5.2979e+03	1.2130e-10
5.3003e+03	1.0801e-10
5.3027e+03	7.0257e-11
5.3052e+03	6.0497e-11
5.3076e+03	7.6433e-11
5.3101e+03	9.8509e-11
5.3125e+03	1.0510e-10
5.3149e+03	9.2731e-11
5.3174e+03	9.8443e-11
5.3198e+03	1.1860e-10
5.3223e+03	1.2417e-10
5.3247e+03	1.0656e-10
5.3271e+03	9.3765e-11
5.3296e+03	8.7022e-11
5.3320e+03	8.9504e-11
5.3345e+03	9.1721e-11
5.3369e+03	8.9033e-11
5.3394e+03	8.4601e-11
5.3418e+03	1.0558e-10
5.3442e+03	1.1624e-10
5.3467e+03	1.0777e-10
5.3491e+03	9.8219e-11
5.3516e+03	9.3542e-11
5.3540e+03	1.0947e-10
5.3564e+03	1.0864e-10
5.3589e+03	1.1709e-10
5.3613e+03	1.0544e-10
5.3638e+03	1.2631e-10
5.3662e+03	1.1481e-10
5.3687e+03	8.8029e-11
5.3711e+03	1.0510e-10
5.3735e+03	8.8054e-11
5.3760e+03	1.0246e-10
5.3784e+03	1.4053e-10
5.3809e+03	1.2880e-10
5.3833e+03	1.2199e-10
5.3857e+03	1.2136e-10
5.3882e+03	8.9437e-11
5.3906e+03	8.9451e-11
5.3931e+03	9.2927e-11
5.3955e+03	1.0643e-10
5.3979e+03	1.1209e-10
5.4004e+03	1.0556e-10
5.4028e+03	9.2588e-11
5.4053e+03	1.0414e-10
5.4077e+03	8.6266e-11
5.4102e+03	8.3421e-11
5.4126e+03	8.9802e-11
5.4150e+03	7.4873e-11
5.4175e+03	7.8138e-11
5.4199e+03	8.3684e-11
5.4224e+03	9.8384e-11
5.4248e+03	8.2827e-11
5.4272e+03	7.4825e-11
5.4297e+03	7.8756e-11
5.4321e+03	7.7198e-11
5.4346e+03	9.6280e-11
5.4370e+03	8.3775e-11
5.4395e+03	9.9302e-11
5.4419e+03	8.1466e-11
5.4443e+03	9.9781e-11
5.4468e+03	9.2020e-11
5.4492e+03	9.6455e-11
5.4517e+03	1.0531e-10
5.4541e+03	1.0402e-10
5.4565e+03	1.1772e-10
5.4590e+03	9.6416e-11
5.4614e+03	8.2962e-11
5.4639e+03	8.8917e-11
5.4663e+03	9.1267e-11
5.4688e+03	1.1268e-10
5.4712e+03	1.0012e-10
5.4736e+03	1.0464e-10
5.4761e+03	9.3388e-11
5.4785e+03	1.0191e-10
5.4810e+03	1.0962e-10
5.4834e+03	1.0785e-10
5.4858e+03	1.0948e-10
5.4883e+03	9.6636e-11
5.4907e+03	8.5524e-11
5.4932e+03	7.0821e-11
5.4956e+03	9.2820e-11
5.4980e+03	1.0423e-10
5.5005e+03	1.2452e-10
5.5029e+03	1.0718e-10
5.5054e+03	1.0589e-10
5.5078e+03	1.0403e-10
5.5103e+03	9.7067e-11
5.5127e+03	1.0570e-10
5.5151e+03	1.2009e-10
5.5176e+03	9.3627e-11
5.5200e+03	1.0024e-10
5.5225e+03	1.0012e-10
5.5249e+03	1.0313e-10
5.5273e+03	1.0514e-10
5.5298e+03	7.9816e-11
5.5322e+03	8.7609e-11
5.5347e+03	1.0301e-10
5.5371e+03	1.1424e-10
5.5396e+03	1.0555e-10
5.5420e+03	9.2560e-11
5.5444e+03	9.2283e-11
5.5469e+03	1.0089e-10
5.5493e+03	8.9877e-11
5.5518e+03	8.9099e-11
5.5542e+03	9.2376e-11
5.5566e+03	1.3033e-10
5.5591e+03	1.4041e-10
5.5615e+03	1.0518e-10
5.5640e+03	1.0352e-10
5.5664e+03	8.4994e-11
5.5688e+03	7.8606e-11
5.5713e+03	1.0361e-10
5.5737e+03	1.1190e-10
5.5762e+03	1.0797e-10
5.5786e+03	8.4757e-11
5.5811e+03	8.8547e-11
5.5835e+03	1.0614e-10
5.5859e+03	1.1547e-10
5.5884e+03	1.1092e-10
5.5908e+03	1.1567e-10
5.5933e+03	1.0776e-10
5.5957e+03	9.3556e-11
5.5981e+03	1.0433e-10
5.6006e+03	9.4745e-11
5.6030e+03	1.1384e-10
5.6055e+03	9.6013e-11
5.6079e+03	8.5856e-11
5.6104e+03	9.6294e-11
5.6128e+03	9.6657e-11
5.6152e+03	1.1218e-10
5.6177e+03	1.0807e-10
5.6201e+03	1.0888e-10
5.6226e+03	1.2037e-10
5.6250e+03	1.2251e-10
5.6274e+03	1.4713e-10
5.6299e+03	1.4252e-10
5.6323e+03	1.4563e-10
5.6348e+03	1.2876e-10
5.6372e+03	9.8472e-11
5.6396e+03	9.7161e-11
5.6421e+03	9.0464e-11
5.6445e+03	9.3072e-11
5.6470e+03	1.0389e-10
5.6494e+03	1.2413e-10
5.6519e+03	1.1225e-10
5.6543e+03	9.2103e-11
5.6567e+03	9.4154e-11
5.6592e+03	8.2937e-11
5.6616e+03	1.0974e-10
5.6641e+03	1.0509e-10
5.6665e+03	1.2157e-10
5.6689e+03	1.1342e-10
5.6714e+03	9.1231e-11
5.6738e+03	8.6882e-11
5.6763e+03	9.3671e-11
5.6787e+03	1.0181e-10
5.6812e+03	8.3979e-11
5.6836e+03	8.2083e-11
5.6860e+03	8.9903e-11
5.6885e+03	9.1479e-11
5.6909e+03	1.0996e-10
5.6934e+03	9.4869e-11
5.6958e+03	8.4739e-11
5.6982e+03	7.5299e-11
5.7007e+03	7.2348e-11
5.7031e+03	7.6979e-11
5.7056e+03	9.0734e-11
5.7080e+03	9.9334e-11
5.7104e+03	8.7186e-11
5.7129e+03	9.7763e-11
5.7153e+03	7.8902e-11
5.7178e+03	7.4244e-11
5.7202e+03	1.0608e-10
5.7227e+03	1.0582e-10
5.7251e+03	9.9402e-11
5.7275e+03	8.3537e-11
5.7300e+03	9.9780e-11
5.7324e+03	9.8440e-11
5.7349e+03	8.7687e-11
5.7373e+03	9.9771e-11
5.7397e+03	9.7531e-11
5.7422e+03	9.7640e-11
5.7446e+03	7.2044e-11
5.7471e+03	7.0948e-11
5.7495e+03	8.9089e-11
5.7520e+03	1.0637e-10
5.7544e+03	9.2366e-11
5.7568e+03	9.7469e-11
5.7593e+03	9.9057e-11
5.7617e+03	8.4771e-11
5.7642e+03	7.7203e-11
5.7666e+03	9.6370e-11
5.7690e+03	1.1315e-10
5.7715e+03	1.0485e-10
5.7739e+03	1.0312e-10
5.7764e+03	9.4266e-11
5.7788e+03	1.0657e-10
5.7812e+03	1.0148e-10
5.7837e+03	1.0448e-10
5.7861e+03	1.1345e-10
5.7886e+03	1.2533e-10
5.7910e+03	1.3523e-10
5.7935e+03	1.2894e-10
5.7959e+03	1.0852e-10
5.7983e+03	1.1353e-10
5.8008e+03	1.0858e-10
5.8032e+03	9.0267e-11
5.8057e+03	8.1982e-11
5.8081e+03	9.9819e-11
5.8105e+03	1.0979e-10
5.8130e+03	1.0762e-10
5.8154e+03	1.2666e-10
5.8179e+03	1.2021e-10
5.8203e+03	9.3493e-11
5.8228e+03	8.3158e-11
5.8252e+03	7.9319e-11
5.8276e+03	9.3276e-11
5.8301e+03	1.0534e-10
5.8325e+03	9.1854e-11
5.8350e+03	9.5955e-11
5.8374e+03	9.9955e-11
5.8398e+03	8.6069e-11
5.8423e+03	1.0881e-10
5.8447e+03	1.0518e-10
5.8472e+03	1.1487e-10
5.8496e+03	1.1882e-10
5.8521e+03	1.2383e-10
5.8545e+03	1.0658e-10
5.8569e+03	9.3496e-11
5.8594e+03	9.2962e-11
5.8618e+03	1.0791e-10
5.8643e+03	9.9293e-11
5.8667e+03	8.7063e-11
5.8691e+03	7.5594e-11
5.8716e+03	7.6237e-11
5.8740e+03	1.0100e-10
5.8765e+03	1.1452e-10
5.8789e+03	1.1113e-10
5.8813e+03	7.5311e-11
5.8838e+03	1.1117e-10
5.8862e+03	1.2915e-10
5.8887e+03	9.8292e-11
5.8911e+03	1.1658e-10
5.8936e+03	8.7910e-11
5.8960e+03	6.5285e-11
5.8984e+03	1.0040e-10
5.9009e+03	8.7639e-11
5.9033e+03	1.0209e-10
5.9058e+03	1.0311e-10
5.9082e+03	8.6811e-11
5.9106e+03	8.3668e-11
5.9131e+03	8.5638e-11
5.9155e+03	9.1868e-11
5.9180e+03	8.3412e-11
5.9204e+03	6.6739e-11
5.9229e+03	8.3023e-11
5.9253e+03	8.9524e-11
5.9277e+03	9.2630e-11
5.9302e+03	1.2446e-10
5.9326e+03	1.0067e-10
5.9351e+03	9.4607e-11
5.9375e+03	1.1247e-10
5.9399e+03	1.0895e-10
5.9424e+03	1.3650e-10
5.9448e+03	8.6537e-11
5.9473e+03	8.5356e-11
5.9497e+03	1.0368e-10
5.9521e+03	8.6882e-11
5.9546e+03	8.0222e-11
5.9570e+03	1.0250e-10
5.9595e+03	1.0418e-10
5.9619e+03	8.4104e-11
5.9644e+03	7.8428e-11
5.9668e+03	7.8463e-11
5.9692e+03	7.2084e-11
5.9717e+03	7.1268e-11
5.9741e+03	8.2693e-11
5.9766e+03	1.0132e-10
5.9790e+03	1.0553e-10
5.9814e+03	8.8800e-11
5.9839e+03	8.2280e-11
5.9863e+03	1.0435e-10
5.9888e+03	1.0249e-10
5.9912e+03	1.0422e-10
5.9937e+03	1.0488e-10
5.9961e+03	9.0466e-11
5.9985e+03	1.1337e-10
6.0010e+03	8.0308e-11
6.0034e+03	7.3545e-11
6.0059e+03	1.0506e-10
6.0083e+03	9.7600e-11
6.0107e+03	8.9602e-11
6.0132e+03	9.8717e-11
6.0156e+03	8.6832e-11
6.0181e+03	9.4131e-11
6.0205e+03	1.0707e-10
6.0229e+03	1.0738e-10
6.0254e+03	8.4231e-11
6.0278e+03	6.8739e-11
6.0303e+03	9.4266e-11
6.0327e+03	9.4443e-11
6.0352e+03	7.7603e-11
6.0376e+03	1.1339e-10
6.0400e+03	1.4766e-10
6.0425e+03	1.3314e-10
6.0449e+03	1.2815e-10
6.0474e+03	1.1554e-10
6.0498e+03	1.0166e-10
6.0522e+03	9.0079e-11
6.0547e+03	8.3174e-11
6.0571e+03	8.7348e-11
6.0596e+03	1.0909e-10
6.0620e+03	9.3924e-11
6.0645e+03	1.0059e-10
6.0669e+03	9.9109e-11
6.0693e+03	8.8866e-11
6.0718e+03	8.4647e-11
6.0742e+03	1.0334e-10
6.0767e+03	9.6923e-11
6.0791e+03	9.8163e-11
6.0815e+03	1.0800e-10
6.0840e+03	8.7584e-11
6.0864e+03	7.9178e-11
6.0889e+03	9.9318e-11
6.0913e+03	1.1623e-10
6.0938e+03	1.0922e-10
6.0962e+03	1.0092e-10
6.0986e+03	9.0683e-11
6.1011e+03	1.1086e-10
6.1035e+03	1.1283e-10
6.1060e+03	1.1361e-10
6.1084e+03	1.0551e-10
6.1108e+03	1.2340e-10
6.1133e+03	1.1331e-10
6.1157e+03	1.0638e-10
6.1182e+03	1.0741e-10
6.1206e+03	1.1055e-10
6.1230e+03	1.0068e-10
6.1255e+03	9.3879e-11
6.1279e+03	1.0342e-10
6.1304e+03	9.0922e-11
6.1328e+03	1.0025e-10
6.1353e+03	9.5791e-11
6.1377e+03	1.2902e-10
6.1401e+03	9.9102e-11
6.1426e+03	1.0627e-10
6.1450e+03	8.9863e-11
6.1475e+03	9.2920e-11
6.1499e+03	1.1793e-10
6.1523e+03	1.3870e-10
6.1548e+03	1.2068e-10
6.1572e+03	7.3800e-11
6.1597e+03	9.5885e-11
6.1621e+03	1.0734e-10
6.1646e+03	8.9018e-11
6.1670e+03	9.5535e-11
6.1694e+03	1.1297e-10
6.1719e+03	1.3974e-10
6.1743e+03	1.1608e-10
6.1768e+03	7.5901e-11
6.1792e+03	1.1139e-10
6.1816e+03	1.0854e-10
6.1841e+03	8.7157e-11
6.1865e+03	9.3400e-11
6.1890e+03	1.0762e-10
6.1914e+03	1.0189e-10
6.1938e+03	8.2117e-11
6.1963e+03	7.6148e-11
6.1987e+03	7.7592e-11
6.2012e+03	9.3307e-11
6.2036e+03	8.5688e-11
6.2061e+03	9.4034e-11
6.2085e+03	7.2956e-11
6.2109e+03	9.8964e-11
6.2134e+03	9.2989e-11
6.2158e+03	1.0329e-10
6.2183e+03	1.1240e-10
6.2207e+03	1.2152e-10
6.2231e+03	1.3096e-10
6.2256e+03	9.7196e-11
6.2280e+03	1.0555e-10
6.2305e+03	1.1157e-10
6.2329e+03	9.4454e-11
6.2354e+03	1.0425e-10
6.2378e+03	1.3094e-10
6.2402e+03	1.2203e-10
6.2427e+03	9.2178e-11
6.2451e+03	8.8687e-11
6.2476e+03	1.1426e-10
6.2500e+03	9.7613e-11
6.2524e+03	7.2252e-11
6.2549e+03	7.2699e-11
6.2573e+03	9.2148e-11
6.2598e+03	1.3263e-10
6.2622e+03	1.3096e-10
6.2646e+03	1.0957e-10
6.2671e+03	1.1305e-10
6.2695e+03	1.0913e-10
6.2720e+03	9.4000e-11
6.2744e+03	9.1803e-11
6.2769e+03	8.3699e-11
6.2793e+03	1.1832e-10
6.2817e+03	1.0112e-10
6.2842e+03	8.3122e-11
6.2866e+03	1.0237e-10
6.2891e+03	1.0437e-10
6.2915e+03	1.4547e-10
6.2939e+03	1.2262e-10
6.2964e+03	1.0204e-10
6.2988e+03	1.1666e-10
6.3013e+03	9.3764e-11
6.3037e+03	7.8676e-11
6.3062e+03	6.6374e-11
6.3086e+03	9.2720e-11
6.3110e+03	1.0945e-10
6.3135e+03	9.9324e-11
6.3159e+03	9.7640e-11
6.3184e+03	9.5558e-11
6.3208e+03	9.2750e-11
6.3232e+03	1.0611e-10
6.3257e+03	8.5256e-11
6.3281e+03	1.0037e-10
6.3306e+03	9.4908e-11
6.3330e+03	8.2700e-11
6.3354e+03	8.7889e-11
6.3379e+03	8.8224e-11
6.3403e+03	9.1730e-11
6.3428e+03	8.3872e-11
6.3452e+03	8.9381e-11
6.3477e+03	1.0377e-10
6.3501e+03	8.7168e-11
6.3525e+03	7.2239e-11
6.3550e+03	1.0705e-10
6.3574e+03	1.1713e-10
6.3599e+03	1.1870e-10
6.3623e+03	8.9268e-11
6.3647e+03	9.4258e-11
6.3672e+03	1.1427e-10
6.3696e+03	9.6242e-11
6.3721e+03	7.7678e-11
6.3745e+03	9.5923e-11
6.3770e+03	1.0212e-10
6.3794e+03	9.5866e-11
6.3818e+03	1.3011e-10
6.3843e+03	1.2408e-10
6.3867e+03	1.0751e-10
6.3892e+03	9.3780e-11
6.3916e+03	1.0064e-10
6.3940e+03	9.6908e-11
6.3965e+03	1.0120e-10
6.3989e+03	1.2756e-10
6.4014e+03	1.1693e-10
6.4038e+03	1.1091e-10
6.4062e+03	9.4624e-11
6.4087e+03	1.0164e-10
6.4111e+03	1.0989e-10
6.4136e+03	9.5290e-11
6.4160e+03	9.5603e-11
6.4185e+03	1.0665e-10
6.4209e+03	1.0208e-10
6.4233e+03	8.9726e-11
6.4258e+03	8.8123e-11
6.4282e+03	9.2194e-11
6.4307e+03	1.2153e-10
6.4331e+03	1.0809e-10
6.4355e+03	1.1893e-10
6.4380e+03	1.2242e-10
6.4404e+03	1.1522e-10
6.4429e+03	1.1278e-10
6.4453e+03	1.0357e-10
6.4478e+03	9.8825e-11
6.4502e+03	8.3875e-11
6.4526e+03	8.7509e-11
6.4551e+03	1.0245e-10
6.4575e+03	8.9170e-11
6.4600e+03	9.2215e-11
6.4624e+03	9.4461e-11
6.4648e+03	7.3039e-11
6.4673e+03	9.4888e-11
6.4697e+03	9.8372e-11
6.4722e+03	9.2399e-11
6.4746e+03	8.8111e-11
6.4771e+03	1.0395e-10
6.4795e+03	9.4614e-11
6.4819e+03	1.1880e-10
6.4844e+03	1.3606e-10
6.4868e+03	1.1350e-10
6.4893e+03	1.1739e-10
6.4917e+03	9.0422e-11
6.4941e+03	9.3487e-11
6.4966e+03	9.2732e-11
6.4990e+03	1.0614e-10
6.5015e+03	1.1616e-10
6.5039e+03	1.0777e-10
6.5063e+03	9.2399e-11
6.5088e+03	1.0308e-10
6.5112e+03	8.6349e-11
6.5137e+03	8.4586e-11
6.5161e+03	9.7263e-11
6.5186e+03	9.1139e-11
6.5210e+03	9.6884e-11
6.5234e+03	8.3571e-11
6.5259e+03	8.3703e-11
6.5283e+03	9.1976e-11
6.5308e+03	8.5488e-11
6.5332e+03	9.8326e-11
6.5356e+03	8.9989e-11
6.5381e+03	8.4694e-11
6.5405e+03	9.4093e-11
6.5430e+03	8.6739e-11
6.5454e+03	9.1263e-11
6.5479e+03	1.0103e-10
6.5503e+03	9.9270e-11
6.5527e+03	9.1798e-11
6.5552e+03	1.0980e-10
6.5576e+03	8.8251e-11
6.5601e+03	8.8009e-11
6.5625e+03	9.4018e-11
6.5649e+03	9.4126e-11
6.5674e+03	1.1725e-10
6.5698e+03	8.6538e-11
6.5723e+03	9.7489e-11
6.5747e+03	1.3612e-10
6.5771e+03	1.1413e-10
6.5796e+03	1.0299e-10
6.5820e+03	9.7254e-11
6.5845e+03	9.8936e-11
6.5869e+03	1.0301e-10
6.5894e+03	9.9386e-11
6.5918e+03	6.9130e-11
6.5942e+03	8.2866e-11
6.5967e+03	1.1098e-10
6.5991e+03	9.6587e-11
6.6016e+03	1.0538e-10
6.6040e+03	1.0742e-10
6.6064e+03	9.0673e-11
6.6089e+03	9.5740e-11
6.6113e+03	1.0132e-10
6.6138e+03	1.0645e-10
6.6162e+03	8.1264e-11
6.6187e+03	8.5828e-11
6.6211e+03	9.9555e-11
6.6235e+03	8.7461e-11
6.6260e+03	8.5328e-11
6.6284e+03	1.2305e-10
6.6309e+03	1.1364e-10
6.6333e+03	1.0565e-10
6.6357e+03	1.0157e-10
6.6382e+03	8.8458e-11
6.6406e+03	1.2480e-10
6.6431e+03	8.1587e-11
6.6455e+03	7.8077e-11
6.6479e+03	6.9255e-11
6.6504e+03	7.0344e-11
6.6528e+03	6.6231e-11
6.6553e+03	7.1728e-11
6.6577e+03	8.2493e-11
6.6602e+03	1.0255e-10
6.6626e+03	9.9442e-11
6.6650e+03	8.4176e-11
6.6675e+03	8.5040e-11
6.6699e+03	1.0486e-10
6.6724e+03	1.1838e-10
6.6748e+03	1.0103e-10
6.6772e+03	8.1458e-11
6.6797e+03	9.5232e-11
6.6821e+03	9.7507e-11
6.6846e+03	7.2234e-11
6.6870e+03	8.7250e-11
6.6895e+03	9.2232e-11
6.6919e+03	9.0150e-11
6.6943e+03	9.9832e-11
6.6968e+03	9.1727e-11
6.6992e+03	9.6621e-11
6.7017e+03	9.7004e-11
6.7041e+03	1.0472e-10
6.7065e+03	1.2792e-10
6.7090e+03	1.1024e-10
6.7114e+03	8.4550e-11
6.7139e+03	8.8576e-11
6.7163e+03	1.2790e-10
6.7188e+03	1.1128e-10
6.7212e+03	8.9301e-11
6.7236e+03	1.1493e-10
6.7261e+03	8.6826e-11
6.7285e+03	9.2418e-11
6.7310e+03	1.0261e-10
6.7334e+03	8.8455e-11
6.7358e+03	9.2433e-11
6.7383e+03	9.3236e-11
6.7407e+03	9.6107e-11
6.7432e+03	9.7839e-11
6.7456e+03	8.8576e-11
6.7480e+03	1.0171e-10
6.7505e+03	8.9826e-11
6.7529e+03	6.9176e-11
6.7554e+03	1.0274e-10
6.7578e+03	1.2054e-10
6.7603e+03	8.7220e-11
6.7627e+03	7.0520e-11
6.7651e+03	8.7799e-11
6.7676e+03	9.3959e-11
6.7700e+03	1.1243e-10
6.7725e+03	1.0572e-10
6.7749e+03	8.7932e-11
6.7773e+03	8.6624e-11
6.7798e+03	9.3066e-11
6.7822e+03	9.3015e-11
6.7847e+03	1.2254e-10
6.7871e+03	1.2106e-10
6.7896e+03	1.0925e-10
6.7920e+03	1.1575e-10
6.7944e+03	1.1217e-10
6.7969e+03	1.0860e-10
6.7993e+03	1.1718e-10
6.8018e+03	9.8967e-11
6.8042e+03	1.0269e-10
6.8066e+03	9.7645e-11
6.8091e+03	9.7081e-11
6.8115e+03	1.1853e-10
6.8140e+03	1.3919e-10
6.8164e+03	1.0726e-10
6.8188e+03	1.0966e-10
6.8213e+03	1.2720e-10
6.8237e+03	1.1942e-10
6.8262e+03	1.0688e-10
6.8286e+03	1.2029e-10
6.8311e+03	1.1382e-10
6.8335e+03	1.3368e-10
6.8359e+03	9.3229e-11
6.8384e+03	8.0804e-11
6.8408e+03	9.3539e-11
6.8433e+03	8.7937e-11
6.8457e+03	9.3647e-11
6.8481e+03	1.0655e-10
6.8506e+03	1.0608e-10
6.8530e+03	1.0717e-10
6.8555e+03	1.2260e-10
6.8579e+03	1.1102e-10
6.8604e+03	1.1542e-10
6.8628e+03	1.0702e-10
6.8652e+03	9.6329e-11
6.8677e+03	9.7044e-11
6.8701e+03	9.4166e-11
6.8726e+03	1.0389e-10
6.8750e+03	7.5849e-11
6.8774e+03	9.3778e-11
6.8799e+03	9.0196e-11
6.8823e+03	7.3815e-11
6.8848e+03	1.0550e-10
6.8872e+03	1.2438e-10
6.8896e+03	1.1343e-10
6.8921e+03	1.0969e-10
6.8945e+03	1.1131e-10
6.8970e+03	1.0714e-10
6.8994e+03	9.3095e-11
6.9019e+03	8.8257e-11
6.9043e+03	8.5422e-11
6.9067e+03	8.8723e-11
6.9092e+03	8.8620e-11
6.9116e+03	1.0413e-10
6.9141e+03	9.8301e-11
6.9165e+03	9.9784e-11
6.9189e+03	1.0276e-10
6.9214e+03	8.7146e-11
6.9238e+03	1.0366e-10
6.9263e+03	9.4425e-11
6.9287e+03	9.2268e-11
6.9312e+03	9.5417e-11
6.9336e+03	1.0230e-10
6.9360e+03	1.3227e-10
6.9385e+03	1.0970e-10
6.9409e+03	9.4347e-11
6.9434e+03	8.2049e-11
6.9458e+03	9.9878e-11
6.9482e+03	8.7731e-11
6.9507e+03	1.0986e-10
6.9531e+03	1.2249e-10
6.9556e+03	1.1386e-10
6.9580e+03	1.0945e-10
6.9604e+03	1.2219e-10
6.9629e+03	9.6227e-11
6.9653e+03	9.3477e-11
6.9678e+03	8.5939e-11
6.9702e+03	7.2612e-11
6.9727e+03	6.6978e-11
6.9751e+03	9.6829e-11
6.9775e+03	9.3426e-11
6.9800e+03	9.2105e-11
6.9824e+03	7.8465e-11
6.9849e+03	8.1317e-11
6.9873e+03	9.0482e-11
6.9897e+03	8.5096e-11
6.9922e+03	9.7219e-11
6.9946e+03	1.2030e-10
6.9971e+03	1.2535e-10
6.9995e+03	9.0909e-11
7.0020e+03	1.0158e-10
7.0044e+03	1.0373e-10
7.0068e+03	8.9291e-11
7.0093e+03	7.8484e-11
7.0117e+03	1.0883e-10
7.0142e+03	9.7266e-11
7.0166e+03	8.3139e-11
7.0190e+03	8.8061e-11
7.0215e+03	6.9741e-11
7.0239e+03	8.3385e-11
7.0264e+03	7.8524e-11
7.0288e+03	9.9045e-11
7.0312e+03	1.1166e-10
7.0337e+03	1.2025e-10
7.0361e+03	1.1078e-10
7.0386e+03	9.0178e-11
7.0410e+03	9.3995e-11
7.0435e+03	1.0136e-10
7.0459e+03	9.4604e-11
7.0483e+03	8.5835e-11
7.0508e+03	6.6939e-11
7.0532e+03	1.0695e-10
7.0557e+03	1.1906e-10
7.0581e+03	1.0344e-10
7.0605e+03	1.1989e-10
7.0630e+03	1.1311e-10
7.0654e+03	8.6761e-11
7.0679e+03	9.3831e-11
7.0703e+03	1.1901e-10
7.0728e+03	1.1346e-10
7.0752e+03	8.4667e-11
7.0776e+03	8.6657e-11
7.0801e+03	1.1064e-10
7.0825e+03	1.1916e-10
7.0850e+03	1.0475e-10
7.0874e+03	9.1876e-11
7.0898e+03	7.7358e-11
7.0923e+03	8.8897e-11
7.0947e+03	1.0345e-10
7.0972e+03	1.1631e-10
7.0996e+03	1.0409e-10
7.1021e+03	1.3076e-10
7.1045e+03	1.4415e-10
7.1069e+03	1.2286e-10
7.1094e+03	9.8054e-11
7.1118e+03	9.1711e-11
7.1143e+03	1.1426e-10
7.1167e+03	7.4998e-11
7.1191e+03	9.3197e-11
7.1216e+03	1.0050e-10
7.1240e+03	8.1073e-11
7.1265e+03	6.9923e-11
7.1289e+03	6.8960e-11
7.1313e+03	6.6339e-11
7.1338e+03	9.5871e-11
7.1362e+03	9.9314e-11
7.1387e+03	1.0231e-10
7.1411e+03	1.0142e-10
7.1436e+03	1.0232e-10
7.1460e+03	8.9029e-11
7.1484e+03	1.0969e-10
7.1509e+03	1.1956e-10
7.1533e+03	1.0816e-10
7.1558e+03	9.2889e-11
7.1582e+03	8.8212e-11
7.1606e+03	9.1780e-11
7.1631e+03	8.8406e-11
7.1655e+03	8.9422e-11
7.1680e+03	7.7990e-11
7.1704e+03	8.1830e-11
7.1729e+03	8.2003e-11
7.1753e+03	9.2687e-11
7.1777e+03	1.1451e-10
7.1802e+03	1.1014e-10
7.1826e+03	1.1982e-10
7.1851e+03	1.0619e-10
7.1875e+03	9.4715e-11
7.1899e+03	7.5497e-11
7.1924e+03	7.3640e-11
7.1948e+03	9.5883e-11
7.1973e+03	8.1476e-11
7.1997e+03	6.6124e-11
7.2021e+03	8.4075e-11
7.2046e+03	9.2363e-11
7.2070e+03	1.0484e-10
7.2095e+03	1.0482e-10
7.2119e+03	9.2824e-11
7.2144e+03	1.0488e-10
7.2168e+03	1.2493e-10
7.2192e+03	1.4250e-10
7.2217e+03	1.1578e-10
7.2241e+03	9.7622e-11
7.2266e+03	8.1097e-11
7.2290e+03	9.2577e-11
7.2314e+03	9.6866e-11
7.2339e+03	8.7339e-11
7.2363e+03	8.1907e-11
7.2388e+03	7.5011e-11
7.2412e+03	7.8257e-11
7.2437e+03	8.7026e-11
7.2461e+03	1.0299e-10
7.2485e+03	8.4758e-11
7.2510e+03	7.7686e-11
7.2534e+03	7.3119e-11
7.2559e+03	9.0888e-11
7.2583e+03	9.7199e-11
7.2607e+03	1.1145e-10
7.2632e+03	9.2287e-11
7.2656e+03	8.2796e-11
7.2681e+03	1.0981e-10
7.2705e+03	9.4734e-11
7.2729e+03	8.7616e-11
7.2754e+03	6.6927e-11
7.2778e+03	6.7819e-11
7.2803e+03	8.0262e-11
7.2827e+03	1.0025e-10
7.2852e+03	1.1341e-10
7.2876e+03	1.0140e-10
7.2900e+03	8.6044e-11
7.2925e+03	9.2077e-11
7.2949e+03	8.5866e-11
7.2974e+03	9.7747e-11
7.2998e+03	1.0561e-10
7.3022e+03	9.7807e-11
7.3047e+03	9.3840e-11
7.3071e+03	1.2319e-10
7.3096e+03	1.1666e-10
7.3120e+03	8.7735e-11
7.3145e+03	8.9665e-11
7.3169e+03	7.0012e-11
7.3193e+03	6.9830e-11
7.3218e+03	8.3666e-11
7.3242e+03	1.0859e-10
7.3267e+03	1.0968e-10
7.3291e+03	1.0553e-10
7.3315e+03	1.0289e-10
7.3340e+03	1.1122e-10
7.3364e+03	9.8220e-11
7.3389e+03	1.0159e-10
7.3413e+03	8.5744e-11
7.3438e+03	9.7718e-11
7.3462e+03	1.2735e-10
7.3486e+03	1.1191e-10
7.3511e+03	1.0066e-10
7.3535e+03	1.2140e-10
7.3560e+03	1.2566e-10
7.3584e+03	1.0295e-10
7.3608e+03	9.8168e-11
7.3633e+03	9.4860e-11
7.3657e+03	1.0261e-10
7.3682e+03	1.0622e-10
7.3706e+03	1.0947e-10
7.3730e+03	9.4827e-11
7.3755e+03	1.0597e-10
7.3779e+03	1.1377e-10
7.3804e+03	1.1325e-10
7.3828e+03	8.2870e-11
7.3853e+03	7.5142e-11
7.3877e+03	8.2584e-11
7.3901e+03	9.7262e-11
7.3926e+03	1.0710e-10
7.3950e+03	1.0193e-10
7.3975e+03	9.7453e-11
7.3999e+03	1.0493e-10
7.4023e+03	1.0478e-10
7.4048e+03	9.7740e-11
7.4072e+03	1.0935e-10
7.4097e+03	1.0133e-10
7.4121e+03	1.1136e-10
7.4146e+03	9.8040e-11
7.4170e+03	8.0945e-11
7.4194e+03	7.7715e-11
7.4219e+03	7.1263e-11
7.4243e+03	8.3672e-11
7.4268e+03	1.0120e-10
7.4292e+03	9.0138e-11
7.4316e+03	9.1704e-11
7.4341e+03	1.0309e-10
7.4365e+03	1.0646e-10
7.4390e+03	1.0687e-10
7.4414e+03	9.2621e-11
7.4438e+03	7.1606e-11
7.4463e+03	9.1756e-11
7.4487e+03	8.9503e-11
7.4512e+03	8.8232e-11
7.4536e+03	7.2216e-11
7.4561e+03	8.5205e-11
7.4585e+03	1.0860e-10
7.4609e+03	1.2168e-10
7.4634e+03	1.2234e-10
7.4658e+03	9.5227e-11
7.4683e+03	8.1597e-11
7.4707e+03	7.5831e-11
7.4731e+03	9.4003e-11
7.4756e+03	1.0306e-10
7.4780e+03	1.0247e-10
7.4805e+03	1.3298e-10
7.4829e+03	1.1044e-10
7.4854e+03	9.4535e-11
7.4878e+03	1.0715e-10
7.4902e+03	9.6836e-11
7.4927e+03	8.0677e-11
7.4951e+03	7.8040e-11
7.4976e+03	8.5235e-11
7.5000e+03	8.9631e-11
7.5024e+03	7.9419e-11
7.5049e+03	1.0716e-10
7.5073e+03	1.0062e-10
7.5098e+03	7.7532e-11
7.5122e+03	8.8838e-11
7.5146e+03	9.2480e-11
7.5171e+03	8.3781e-11
7.5195e+03	7.8118e-11
7.5220e+03	7.6845e-11
7.5244e+03	8.2590e-11
7.5269e+03	1.0867e-10
7.5293e+03	1.0650e-10
7.5317e+03	1.0045e-10
7.5342e+03	1.0900e-10
7.5366e+03	1.0711e-10
7.5391e+03	9.4297e-11
7.5415e+03	9.6300e-11
7.5439e+03	9.6873e-11
7.5464e+03	9.2084e-11
7.5488e+03	1.0837e-10
7.5513e+03	1.0324e-10
7.5537e+03	1.0177e-10
7.5562e+03	8.1404e-11
7.5586e+03	9.3276e-11
7.5610e+03	1.1462e-10
7.5635e+03	1.1788e-10
7.5659e+03	1.0379e-10
7.5684e+03	8.8107e-11
7.5708e+03	9.6151e-11
7.5732e+03	9.3643e-11
7.5757e+03	1.3547e-10
7.5781e+03	1.3489e-10
7.5806e+03	8.7857e-11
7.5830e+03	7.2832e-11
7.5854e+03	8.4857e-11
7.5879e+03	8.9612e-11
7.5903e+03	1.0244e-10
7.5928e+03	1.0257e-10
7.5952e+03	8.7262e-11
7.5977e+03	1.0845e-10
7.6001e+03	1.0038e-10
7.6025e+03	9.9872e-11
7.6050e+03	9.9270e-11
7.6074e+03	1.0535e-10
7.6099e+03	9.2838e-11
7.6123e+03	7.4718e-11
7.6147e+03	7.0377e-11
7.6172e+03	9.0689e-11
7.6196e+03	1.0698e-10
7.6221e+03	8.8919e-11
7.6245e+03	9.2508e-11
7.6270e+03	1.1953e-10
7.6294e+03	1.0899e-10
7.6318e+03	9.2209e-11
7.6343e+03	8.1345e-11
7.6367e+03	8.6665e-11
7.6392e+03	1.0089e-10
7.6416e+03	1.0937e-10
7.6440e+03	1.0600e-10
7.6465e+03	7.8634e-11
7.6489e+03	9.9592e-11
7.6514e+03	1.3590e-10
7.6538e+03	1.2090e-10
7.6562e+03	1.0047e-10
7.6587e+03	1.0863e-10
7.6611e+03	1.1933e-10
7.6636e+03	1.3149e-10
7.6660e+03	1.1353e-10
7.6685e+03	1.0186e-10
7.6709e+03	8.4199e-11
7.6733e+03	1.0098e-10
7.6758e+03	1.2671e-10
7.6782e+03	1.3591e-10
7.6807e+03	1.0038e-10
7.6831e+03	9.8710e-11
7.6855e+03	1.0977e-10
7.6880e+03	1.0044e-10
7.6904e+03	9.3302e-11
7.6929e+03	9.6327e-11
7.6953e+03	1.0474e-10
7.6978e+03	9.3924e-11
7.7002e+03	1.0978e-10
7.7026e+03	8.3917e-11
7.7051e+03	7.1688e-11
7.7075e+03	6.9584e-11
7.7100e+03	8.1497e-11
7.7124e+03	1.0198e-10
7.7148e+03	1.0850e-10
7.7173e+03	1.0986e-10
7.7197e+03	9.5250e-11
7.7222e+03	7.3403e-11
7.7246e+03	7.9124e-11
7.7271e+03	1.0009e-10
7.7295e+03	1.0346e-10
7.7319e+03	1.1298e-10
7.7344e+03	1.3545e-10
7.7368e+03	1.3014e-10
7.7393e+03	1.1699e-10
7.7417e+03	1.0068e-10
7.7441e+03	1.0389e-10
7.7466e+03	1.1003e-10
7.7490e+03	1.2548e-10
7.7515e+03	1.1676e-10
7.7539e+03	1.0415e-10
7.7563e+03	1.0560e-10
7.7588e+03	8.2133e-11
7.7612e+03	9.0710e-11
7.7637e+03	1.0772e-10
7.7661e+03	9.9789e-11
7.7686e+03	1.0902e-10
7.7710e+03	1.1452e-10
7.7734e+03	9.8359e-11
7.7759e+03	9.5884e-11
7.7783e+03	8.6436e-11
7.7808e+03	8.5490e-11
7.7832e+03	9.3057e-11
7.7856e+03	1.0879e-10
7.7881e+03	1.1285e-10
7.7905e+03	1.0499e-10
7.7930e+03	8.7174e-11
7.7954e+03	8.8131e-11
7.7979e+03	8.2383e-11
7.8003e+03	8.3732e-11
7.8027e+03	8.4603e-11
7.8052e+03	7.2105e-11
7.8076e+03	8.5490e-11
7.8101e+03	8.6816e-11
7.8125e+03	7.5212e-11
7.8149e+03	8.1059e-11
7.8174e+03	9.2234e-11
7.8198e+03	1.0366e-10
7.8223e+03	1.0601e-10
7.8247e+03	7.7841e-11
7.8271e+03	8.1471e-11
7.8296e+03	8.9828e-11
7.8320e+03	9.3936e-11
7.8345e+03	1.1294e-10
7.8369e+03	1.0686e-10
7.8394e+03	1.0730e-10
7.8418e+03	1.2142e-10
7.8442e+03	1.1673e-10
7.8467e+03	1.1472e-10
7.8491e+03	7.7302e-11
7.8516e+03	1.0312e-10
7.8540e+03	1.1245e-10
7.8564e+03	9.7040e-11
7.8589e+03	9.3269e-11
7.8613e+03	9.0856e-11
7.8638e+03	1.0780e-10
7.8662e+03	9.1448e-11
7.8687e+03	1.0152e-10
7.8711e+03	9.9149e-11
7.8735e+03	1.0515e-10
7.8760e+03	1.0384e-10
7.8784e+03	1.0935e-10
7.8809e+03	9.1509e-11
7.8833e+03	9.4723e-11
7.8857e+03	1.0926e-10
7.8882e+03	1.1440e-10
7.8906e+03	1.1710e-10
7.8931e+03	1.0819e-10
7.8955e+03	9.3620e-11
7.8979e+03	1.0813e-10
7.9004e+03	1.2815e-10
7.9028e+03	1.3640e-10
7.9053e+03	1.2031e-10
7.9077e+03	1.1012e-10
7.9102e+03	1.1006e-10
7.9126e+03	9.9229e-11
7.9150e+03	8.5329e-11
7.9175e+03	8.5300e-11
7.9199e+03	9.5448e-11
7.9224e+03	1.0125e-10
7.9248e+03	9.1634e-11
7.9272e+03	9.2534e-11
7.9297e+03	9.2928e-11
7.9321e+03	7.8071e-11
7.9346e+03	7.8963e-11
7.9370e+03	7.7047e-11
7.9395e+03	8.7364e-11
7.9419e+03	1.1233e-10
7.9443e+03	8.1380e-11
7.9468e+03	8.0046e-11
7.9492e+03	9.8946e-11
7.9517e+03	9.7862e-11
7.9541e+03	8.6673e-11
7.9565e+03	7.6278e-11
7.9590e+03	6.8067e-11
7.9614e+03	8.7728e-11
7.9639e+03	1.0106e-10
7.9663e+03	1.1376e-10
7.9688e+03	9.5976e-11
7.9712e+03	8.0763e-11
7.9736e+03	8.6826e-11
7.9761e+03	1.0134e-10
7.9785e+03	8.6243e-11
7.9810e+03	8.6067e-11
7.9834e+03	1.1168e-10
7.9858e+03	1.2334e-10
7.9883e+03	9.9734e-11
7.9907e+03	8.5422e-11
7.9932e+03	7.9813e-11
7.9956e+03	7.9868e-11
7.9980e+03	7.6772e-11
8.0005e+03	8.7843e-11
8.0029e+03	8.4677e-11
8.0054e+03	9.3285e-11
8.0078e+03	1.2412e-10
8.0103e+03	1.0125e-10
8.0127e+03	9.1397e-11
8.0151e+03	1.0147e-10
8.0176e+03	9.2191e-11
8.0200e+03	1.0387e-10
8.0225e+03	1.1661e-10
8.0249e+03	1.0643e-10
8.0273e+03	9.5797e-11
8.0298e+03	1.0225e-10
8.0322e+03	1.0076e-10
8.0347e+03	9.5352e-11
8.0371e+03	9.5105e-11
8.0396e+03	1.1885e-10
8.0420e+03	1.2373e-10
8.0444e+03	1.2378e-10
8.0469e+03	1.0221e-10
8.0493e+03	7.0232e-11
8.0518e+03	7.9319e-11
8.0542e+03	1.0045e-10
8.0566e+03	1.0336e-10
8.0591e+03	8.9058e-11
8.0615e+03	8.2868e-11
8.0640e+03	9.6077e-11
8.0664e+03	6.7752e-11
8.0688e+03	1.0433e-10
8.0713e+03	1.3477e-10
8.0737e+03	1.2550e-10
8.0762e+03	1.1589e-10
8.0786e+03	1.1392e-10
8.0811e+03	9.9993e-11
8.0835e+03	1.0187e-10
8.0859e+03	1.0290e-10
8.0884e+03	9.6986e-11
8.0908e+03	8.3129e-11
8.0933e+03	9.5591e-11
8.0957e+03	9.5049e-11
8.0981e+03	1.0029e-10
8.1006e+03	1.1295e-10
8.1030e+03	9.4667e-11
8.1055e+03	9.1679e-11
8.1079e+03	8.5904e-11
8.1104e+03	8.7384e-11
8.1128e+03	1.2573e-10
8.1152e+03	1.1275e-10
8.1177e+03	9.3288e-11
8.1201e+03	8.5821e-11
8.1226e+03	7.9720e-11
8.1250e+03	8.2036e-11
8.1274e+03	8.4886e-11
8.1299e+03	7.9091e-11
8.1323e+03	8.6319e-11
8.1348e+03	1.1257e-10
8.1372e+03	1.1406e-10
8.1396e+03	1.1654e-10
8.1421e+03	9.9316e-11
8.1445e+03	6.9721e-11
8.1470e+03	8.1417e-11
8.1494e+03	9.5212e-11
8.1519e+03	1.0349e-10
8.1543e+03	8.8416e-11
8.1567e+03	8.1723e-11
8.1592e+03	6.2245e-11
8.1616e+03	9.1370e-11
8.1641e+03	1.1878e-10
8.1665e+03	1.1118e-10
8.1689e+03	8.7327e-11
8.1714e+03	9.0398e-11
8.1738e+03	1.1457e-10
8.1763e+03	1.2161e-10
8.1787e+03	9.7340e-11
8.1812e+03	9.4752e-11
8.1836e+03	9.1462e-11
8.1860e+03	8.5574e-11
8.1885e+03	8.4046e-11
8.1909e+03	1.0647e-10
8.1934e+03	1.1803e-10
8.1958e+03	1.0751e-10
8.1982e+03	1.0765e-10
8.2007e+03	8.6053e-11
8.2031e+03	8.8643e-11
8.2056e+03	9.5243e-11
8.2080e+03	1.0084e-10
8.2104e+03	9.3264e-11
8.2129e+03	1.0961e-10
8.2153e+03	1.3830e-10
8.2178e+03	1.1020e-10
8.2202e+03	9.7443e-11
8.2227e+03	9.3431e-11
8.2251e+03	8.9835e-11
8.2275e+03	9.3044e-11
8.2300e+03	8.7051e-11
8.2324e+03	9.4219e-11
8.2349e+03	9.1472e-11
8.2373e+03	9.1358e-11
8.2397e+03	1.0221e-10
8.2422e+03	1.0142e-10
8.2446e+03	1.0960e-10
8.2471e+03	1.1303e-10
8.2495e+03	9.8108e-11
8.2520e+03	8.9589e-11
8.2544e+03	9.6917e-11
8.2568e+03	8.9383e-11
8.2593e+03	9.3819e-11
8.2617e+03	9.4546e-11
8.2642e+03	1.1188e-10
8.2666e+03	9.2968e-11
8.2690e+03	9.5245e-11
8.2715e+03	1.1107e-10
8.2739e+03	1.2002e-10
8.2764e+03	9.2330e-11
8.2788e+03	7.6130e-11
8.2812e+03	9.4102e-11
8.2837e+03	1.0818e-10
8.2861e+03	9.2106e-11
8.2886e+03	1.2053e-10
8.2910e+03	1.2861e-10
8.2935e+03	9.9418e-11
8.2959e+03	1.0114e-10
8.2983e+03	9.2534e-11
8.3008e+03	8.6183e-11
8.3032e+03	9.4055e-11
8.3057e+03	1.1455e-10
8.3081e+03	1.2620e-10
8.3105e+03	9.3070e-11
8.3130e+03	8.9199e-11
8.3154e+03	1.0944e-10
8.3179e+03	1.0916e-10
8.3203e+03	8.8195e-11
8.3228e+03	7.5514e-11
8.3252e+03	7.4853e-11
8.3276e+03	8.1522e-11
8.3301e+03	7.4049e-11
8.3325e+03	7.5879e-11
8.3350e+03	8.9604e-11
8.3374e+03	1.1759e-10
8.3398e+03	1.1863e-10
8.3423e+03	1.1464e-10
8.3447e+03	1.3469e-10
8.3472e+03	1.3338e-10
8.3496e+03	1.2242e-10
8.3521e+03	1.1536e-10
8.3545e+03	1.0625e-10
8.3569e+03	9.7706e-11
8.3594e+03	1.0846e-10
8.3618e+03	8.3699e-11
8.3643e+03	1.0479e-10
8.3667e+03	1.4607e-10
8.3691e+03	1.2743e-10
8.3716e+03	1.0393e-10
8.3740e+03	1.0597e-10
8.3765e+03	8.3689e-11
8.3789e+03	8.0690e-11
8.3813e+03	6.1672e-11
8.3838e+03	1.0247e-10
8.3862e+03	1.1201e-10
8.3887e+03	9.1012e-11
8.3911e+03	1.0792e-10
8.3936e+03	1.1277e-10
8.3960e+03	1.0538e-10
8.3984e+03	9.9346e-11
8.4009e+03	8.1179e-11
8.4033e+03	8.1483e-11
8.4058e+03	7.8436e-11
8.4082e+03	9.6967e-11
8.4106e+03	1.1274e-10
8.4131e+03	7.4914e-11
8.4155e+03	9.8371e-11
8.4180e+03	9.1629e-11
8.4204e+03	8.7363e-11
8.4229e+03	9.8419e-11
8.4253e+03	1.2251e-10
8.4277e+03	1.1768e-10
8.4302e+03	9.6812e-11
8.4326e+03	9.0013e-11
8.4351e+03	9.1307e-11
8.4375e+03	7.6075e-11
8.4399e+03	1.2267e-10
8.4424e+03	1.1259e-10
8.4448e+03	9.0553e-11
8.4473e+03	1.1156e-10
8.4497e+03	1.3231e-10
8.4521e+03	9.6756e-11
8.4546e+03	8.1695e-11
8.4570e+03	8.6296e-11
8.4595e+03	8.5714e-11
8.4619e+03	7.9156e-11
8.4644e+03	7.8778e-11
8.4668e+03	8.2442e-11
8.4692e+03	1.1099e-10
8.4717e+03	1.0324e-10
8.4741e+03	1.0196e-10
8.4766e+03	1.1813e-10
8.4790e+03	1.2099e-10
8.4814e+03	9.8390e-11
8.4839e+03	1.0609e-10
8.4863e+03	1.1285e-10
8.4888e+03	1.0690e-10
8.4912e+03	1.1202e-10
8.4937e+03	1.1620e-10
8.4961e+03	1.0973e-10
8.4985e+03	1.1014e-10
8.5010e+03	9.0295e-11
8.5034e+03	9.8635e-11
8.5059e+03	1.0732e-10
8.5083e+03	1.0865e-10
8.5107e+03	1.1622e-10
8.5132e+03	1.0643e-10
8.5156e+03	9.7784e-11
8.5181e+03	1.3351e-10
8.5205e+03	1.1733e-10
8.5229e+03	1.0237e-10
8.5254e+03	1.0212e-10
8.5278e+03	9.8664e-11
8.5303e+03	1.1105e-10
8.5327e+03	1.0019e-10
8.5352e+03	9.3080e-11
8.5376e+03	9.7075e-11
8.5400e+03	1.2530e-10
8.5425e+03	1.0365e-10
8.5449e+03	1.0293e-10
8.5474e+03	1.0766e-10
8.5498e+03	1.1313e-10
8.5522e+03	1.1635e-10
8.5547e+03	1.1880e-10
8.5571e+03	1.1006e-10
8.5596e+03	9.9458e-11
8.5620e+03	1.0082e-10
8.5645e+03	1.0556e-10
8.5669e+03	1.4675e-10
8.5693e+03	9.3565e-11
8.5718e+03	7.1378e-11
8.5742e+03	1.0634e-10
8.5767e+03	9.0083e-11
8.5791e+03	1.0965e-10
8.5815e+03	1.0707e-10
8.5840e+03	1.1464e-10
8.5864e+03	1.1347e-10
8.5889e+03	9.8723e-11
8.5913e+03	1.2312e-10
8.5938e+03	1.0185e-10
8.5962e+03	7.5680e-11
8.5986e+03	9.5385e-11
8.6011e+03	1.0672e-10
8.6035e+03	1.0120e-10
8.6060e+03	1.1068e-10
8.6084e+03	1.0416e-10
8.6108e+03	9.5236e-11
8.6133e+03	1.0370e-10
8.6157e+03	8.8583e-11
8.6182e+03	9.6807e-11
8.6206e+03	1.0374e-10
8.6230e+03	7.6734e-11
8.6255e+03	8.8345e-11
8.6279e+03	1.0455e-10
8.6304e+03	1.0215e-10
8.6328e+03	1.0244e-10
8.6353e+03	1.0097e-10
8.6377e+03	9.5196e-11
8.6401e+03	9.9445e-11
8.6426e+03	1.0105e-10
8.6450e+03	1.1576e-10
8.6475e+03	1.2422e-10
8.6499e+03	1.0898e-10
8.6523e+03	9.4468e-11
8.6548e+03	9.4466e-11
8.6572e+03	9.8730e-11
8.6597e+03	8.1863e-11
8.6621e+03	9.5132e-11
8.6646e+03	8.4796e-11
8.6670e+03	9.3421e-11
8.6694e+03	1.0028e-10
8.6719e+03	9.9932e-11
8.6743e+03	8.9080e-11
8.6768e+03	6.7670e-11
8.6792e+03	8.2353e-11
8.6816e+03	9.1824e-11
8.6841e+03	9.5492e-11
8.6865e+03	8.8973e-11
8.6890e+03	1.3227e-10
8.6914e+03	1.0850e-10
8.6938e+03	9.5648e-11
8.6963e+03	1.0265e-10
8.6987e+03	8.9549e-11
8.7012e+03	1.0373e-10
8.7036e+03	1.1088e-10
8.7061e+03	9.1492e-11
8.7085e+03	7.5191e-11
8.7109e+03	9.9083e-11
8.7134e+03	1.0636e-10
8.7158e+03	1.0421e-10
8.7183e+03	9.6362e-11
8.7207e+03	8.7008e-11
8.7231e+03	8.3719e-11
8.7256e+03	9.3234e-11
8.7280e+03	1.1008e-10
8.7305e+03	1.0474e-10
8.7329e+03	9.0487e-11
8.7354e+03	1.2254e-10
8.7378e+03	8.7014e-11
8.7402e+03	9.2903e-11
8.7427e+03	1.1935e-10
8.7451e+03	1.1422e-10
8.7476e+03	1.1914e-10
8.7500e+03	1.0900e-10
8.7524e+03	9.8746e-11
8.7549e+03	9.0219e-11
8.7573e+03	9.8766e-11
8.7598e+03	1.0296e-10
8.7622e+03	1.0541e-10
8.7646e+03	1.1172e-10
8.7671e+03	9.8141e-11
8.7695e+03	9.7187e-11
8.7720e+03	9.1756e-11
8.7744e+03	1.0013e-10
8.7769e+03	9.5219e-11
8.7793e+03	8.3367e-11
8.7817e+03	1.0531e-10
8.7842e+03	1.0422e-10
8.7866e+03	9.5123e-11
8.7891e+03	1.0444e-10
8.7915e+03	1.0615e-10
8.7939e+03	9.8245e-11
8.7964e+03	9.1681e-11
8.7988e+03	9.9343e-11
8.8013e+03	8.2039e-11
8.8037e+03	8.3896e-11
8.8062e+03	8.7627e-11
8.8086e+03	1.1103e-10
8.8110e+03	9.4215e-11
8.8135e+03	1.2020e-10
8.8159e+03	1.1179e-10
8.8184e+03	7.7362e-11
8.8208e+03	9.3475e-11
8.8232e+03	1.0016e-10
8.8257e+03	1.0442e-10
8.8281e+03	1.1535e-10
8.8306e+03	1.0207e-10
8.8330e+03	7.7137e-11
8.8354e+03	7.2114e-11
8.8379e+03	9.6622e-11
8.8403e+03	8.3143e-11
8.8428e+03	6.6909e-11
8.8452e+03	7.3188e-11
8.8477e+03	9.3594e-11
8.8501e+03	1.1986e-10
8.8525e+03	8.9929e-11
8.8550e+03	8.5526e-11
8.8574e+03	8.6881e-11
8.8599e+03	9.1545e-11
8.8623e+03	9.6906e-11
8.8647e+03	1.0120e-10
8.8672e+03	1.0227e-10
8.8696e+03	1.0215e-10
8.8721e+03	1.3210e-10
8.8745e+03	1.3583e-10
8.8770e+03	1.0261e-10
8.8794e+03	9.7201e-11
8.8818e+03	8.5347e-11
8.8843e+03	8.2804e-11
8.8867e+03	8.0900e-11
8.8892e+03	7.3515e-11
8.8916e+03	1.0262e-10
8.8940e+03	8.7831e-11
8.8965e+03	8.8414e-11
8.8989e+03	1.1172e-10
8.9014e+03	1.0234e-10
8.9038e+03	1.1284e-10
8.9062e+03	1.0217e-10
8.9087e+03	1.0259e-10
8.9111e+03	1.3378e-10
8.9136e+03	1.0396e-10
8.9160e+03	9.7196e-11
8.9185e+03	8.6462e-11
8.9209e+03	1.0352e-10
8.9233e+03	1.3118e-10
8.9258e+03	1.3213e-10
8.9282e+03	1.3817e-10
8.9307e+03	9.9424e-11
8.9331e+03	7.8834e-11
8.9355e+03	1.0457e-10
8.9380e+03	1.2091e-10
8.9404e+03	1.0169e-10
8.9429e+03	1.0302e-10
8.9453e+03	1.1468e-10
8.9478e+03	1.0675e-10
8.9502e+03	9.8558e-11
8.9526e+03	9.9000e-11
8.9551e+03	9.5899e-11
8.9575e+03	1.0511e-10
8.9600e+03	1.0831e-10
8.9624e+03	1.0153e-10
8.9648e+03	9.8039e-11
8.9673e+03	1.0590e-10
8.9697e+03	9.6654e-11
8.9722e+03	1.0023e-10
8.9746e+03	8.6108e-11
8.9771e+03	9.7869e-11
8.9795e+03	1.0448e-10
8.9819e+03	1.2188e-10
8.9844e+03	1.1194e-10
8.9868e+03	1.1533e-10
8.9893e+03	9.7139e-11
8.9917e+03	7.7357e-11
8.9941e+03	9.2991e-11
8.9966e+03	1.1923e-10
8.9990e+03	1.0734e-10
9.0015e+03	1.1431e-10
9.0039e+03	1.0554e-10
9.0063e+03	9.9832e-11
9.0088e+03	1.0559e-10
9.0112e+03	9.8245e-11
9.0137e+03	8.4861e-11
9.0161e+03	9.8237e-11
9.0186e+03	9.0678e-11
9.0210e+03	9.9588e-11
9.0234e+03	8.0025e-11
9.0259e+03	7.2918e-11
9.0283e+03	1.0079e-10
9.0308e+03	1.2779e-10
9.0332e+03	1.0727e-10
9.0356e+03	8.0762e-11
9.0381e+03	8.4281e-11
9.0405e+03	8.6898e-11
9.0430e+03	1.0065e-10
9.0454e+03	1.1761e-10
9.0479e+03	1.0133e-10
9.0503e+03	9.5365e-11
9.0527e+03	8.8112e-11
9.0552e+03	1.0135e-10
9.0576e+03	1.0878e-10
9.0601e+03	1.1001e-10
9.0625e+03	8.7671e-11
9.0649e+03	9.8490e-11
9.0674e+03	9.8827e-11
9.0698e+03	7.6540e-11
9.0723e+03	8.5345e-11
9.0747e+03	8.7258e-11
9.0771e+03	8.4605e-11
9.0796e+03	7.9515e-11
9.0820e+03	7.6705e-11
9.0845e+03	8.4233e-11
9.0869e+03	1.0495e-10
9.0894e+03	9.6914e-11
9.0918e+03	9.4312e-11
9.0942e+03	9.4461e-11
9.0967e+03	1.1069e-10
9.0991e+03	1.0216e-10
9.1016e+03	1.0134e-10
9.1040e+03	9.9400e-11
9.1064e+03	9.8170e-11
9.1089e+03	1.1624e-10
9.1113e+03	1.0820e-10
9.1138e+03	8.8251e-11
9.1162e+03	8.4706e-11
9.1187e+03	7.3599e-11
9.1211e+03	8.7001e-11
9.1235e+03	9.4251e-11
9.1260e+03	1.1085e-10
9.1284e+03	1.2343e-10
9.1309e+03	1.1293e-10
9.1333e+03	9.5951e-11
9.1357e+03	7.6946e-11
9.1382e+03	7.6962e-11
9.1406e+03	8.2377e-11
9.1431e+03	8.4940e-11
9.1455e+03	8.9966e-11
9.1479e+03	1.0248e-10
9.1504e+03	7.6177e-11
9.1528e+03	1.0898e-10
9.1553e+03	9.4345e-11
9.1577e+03	8.1183e-11
9.1602e+03	9.3268e-11
9.1626e+03	1.0260e-10
9.1650e+03	9.8366e-11
9.1675e+03	1.1568e-10
9.1699e+03	1.0325e-10
9.1724e+03	9.4975e-11
9.1748e+03	1.0651e-10
9.1772e+03	1.0456e-10
9.1797e+03	1.1247e-10
9.1821e+03	9.7079e-11
9.1846e+03	9.0325e-11
9.1870e+03	9.0002e-11
9.1895e+03	1.0981e-10
9.1919e+03	1.1873e-10
9.1943e+03	9.4216e-11
9.1968e+03	1.0523e-10
9.1992e+03	9.4334e-11
9.2017e+03	1.0308e-10
9.2041e+03	9.9488e-11
9.2065e+03	7.9944e-11
9.2090e+03	1.1326e-10
9.2114e+03	1.4278e-10
9.2139e+03	1.2437e-10
9.2163e+03	1.0700e-10
9.2188e+03	9.9041e-11
9.2212e+03	1.0186e-10
9.2236e+03	7.7796e-11
9.2261e+03	7.7275e-11
9.2285e+03	8.9261e-11
9.2310e+03	9.4526e-11
9.2334e+03	1.0062e-10
9.2358e+03	1.0213e-10
9.2383e+03	8.9795e-11
9.2407e+03	7.7938e-11
9.2432e+03	1.0170e-10
9.2456e+03	1.0309e-10
9.2480e+03	1.0096e-10
9.2505e+03	1.0369e-10
9.2529e+03	8.6772e-11
9.2554e+03	9.6877e-11
9.2578e+03	8.6794e-11
9.2603e+03	8.8818e-11
9.2627e+03	8.7890e-11
9.2651e+03	9.4956e-11
9.2676e+03	8.9547e-11
9.2700e+03	8.3597e-11
9.2725e+03	8.9485e-11
9.2749e+03	9.7397e-11
9.2773e+03	9.0313e-11
9.2798e+03	9.0290e-11
9.2822e+03	8.7090e-11
9.2847e+03	7.6798e-11
9.2871e+03	9.1397e-11
9.2896e+03	1.0815e-10
9.2920e+03	1.3169e-10
9.2944e+03	1.0560e-10
9.2969e+03	1.1055e-10
9.2993e+03	1.0312e-10
9.3018e+03	7.9226e-11
9.3042e+03	1.0245e-10
9.3066e+03	9.5139e-11
9.3091e+03	8.2606e-11
9.3115e+03	9.1720e-11
9.3140e+03	1.0117e-10
9.3164e+03	1.2169e-10
9.3188e+03	1.2182e-10
9.3213e+03	1.2669e-10
9.3237e+03	1.1086e-10
9.3262e+03	1.2857e-10
9.3286e+03	1.2335e-10
9.3311e+03	1.0325e-10
9.3335e+03	1.0256e-10
9.3359e+03	1.0949e-10
9.3384e+03	9.7178e-11
9.3408e+03	9.9074e-11
9.3433e+03	1.0296e-10
9.3457e+03	1.0423e-10
9.3481e+03	9.6941e-11
9.3506e+03	9.8989e-11
9.3530e+03	8.5691e-11
9.3555e+03	7.8058e-11
9.3579e+03	1.0223e-10
9.3604e+03	1.1093e-10
9.3628e+03	9.6105e-11
9.3652e+03	8.3887e-11
9.3677e+03	7.6827e-11
9.3701e+03	8.3751e-11
9.3726e+03	8.0176e-11
9.3750e+03	9.4944e-11
9.3774e+03	1.0407e-10
9.3799e+03	8.3419e-11
9.3823e+03	7.0780e-11
9.3848e+03	8.3174e-11
9.3872e+03	9.9657e-11
9.3896e+03	1.0167e-10
9.3921e+03	8.7813e-11
9.3945e+03	8.2035e-11
9.3970e+03	7.9410e-11
9.3994e+03	1.1287e-10
9.4019e+03	1.3661e-10
9.4043e+03	1.0412e-10
9.4067e+03	9.9238e-11
9.4092e+03	9.9295e-11
9.4116e+03	1.1391e-10
9.4141e+03	1.0505e-10
9.4165e+03	1.1152e-10
9.4189e+03	8.4811e-11
9.4214e+03	9.2320e-11
9.4238e+03	8.9362e-11
9.4263e+03	9.3908e-11
9.4287e+03	1.1182e-10
9.4312e+03	7.2316e-11
9.4336e+03	9.3021e-11
9.4360e+03	1.1755e-10
9.4385e+03	1.0487e-10
9.4409e+03	8.6356e-11
9.4434e+03	9.0689e-11
9.4458e+03	1.1774e-10
9.4482e+03	1.1197e-10
9.4507e+03	1.0874e-10
9.4531e+03	1.0749e-10
9.4556e+03	1.1951e-10
9.4580e+03	1.1295e-10
9.4604e+03	1.0958e-10
9.4629e+03	8.6934e-11
9.4653e+03	6.6328e-11
9.4678e+03	9.8309e-11
9.4702e+03	1.2310e-10
9.4727e+03	1.1827e-10
9.4751e+03	9.2386e-11
9.4775e+03	9.0254e-11
9.4800e+03	7.6549e-11
9.4824e+03	8.2736e-11
9.4849e+03	8.9354e-11
9.4873e+03	1.0326e-10
9.4897e+03	1.0150e-10
9.4922e+03	1.0174e-10
9.4946e+03	1.0693e-10
9.4971e+03	1.0398e-10
9.4995e+03	1.0783e-10
9.5020e+03	1.1439e-10
9.5044e+03	1.1742e-10
9.5068e+03	1.3350e-10
9.5093e+03	1.1225e-10
9.5117e+03	1.0780e-10
9.5142e+03	1.0440e-10
9.5166e+03	9.4241e-11
9.5190e+03	9.6043e-11
9.5215e+03	8.0810e-11
9.5239e+03	9.1351e-11
9.5264e+03	1.2220e-10
9.5288e+03	1.1696e-10
9.5312e+03	8.5917e-11
9.5337e+03	7.0228e-11
9.5361e+03	1.0434e-10
9.5386e+03	1.0904e-10
9.5410e+03	1.1103e-10
9.5435e+03	1.0601e-10
9.5459e+03	9.9456e-11
9.5483e+03	9.3071e-11
9.5508e+03	1.0304e-10
9.5532e+03	1.1085e-10
9.5557e+03	9.8446e-11
9.5581e+03	9.2019e-11
9.5605e+03	6.8001e-11
9.5630e+03	8.4037e-11
9.5654e+03	9.5709e-11
9.5679e+03	8.8897e-11
9.5703e+03	8.5519e-11
9.5728e+03	9.7242e-11
9.5752e+03	8.7478e-11
9.5776e+03	9.3600e-11
9.5801e+03	1.0818e-10
9.5825e+03	1.2128e-10
9.5850e+03	8.8540e-11
9.5874e+03	8.8396e-11
9.5898e+03	1.0609e-10
9.5923e+03	1.2111e-10
9.5947e+03	1.0509e-10
9.5972e+03	8.8920e-11
9.5996e+03	1.0087e-10
9.6021e+03	1.0121e-10
9.6045e+03	9.1402e-11
9.6069e+03	7.0949e-11
9.6094e+03	8.7655e-11
9.6118e+03	1.0001e-10
9.6143e+03	8.8646e-11
9.6167e+03	6.3337e-11
9.6191e+03	5.9498e-11
9.6216e+03	8.0451e-11
9.6240e+03	1.0643e-10
9.6265e+03	1.0770e-10
9.6289e+03	1.0569e-10
9.6313e+03	9.9377e-11
9.6338e+03	9.5260e-11
9.6362e+03	9.1856e-11
9.6387e+03	8.3334e-11
9.6411e+03	9.3034e-11
9.6436e+03	1.1764e-10
9.6460e+03	1.3048e-10
9.6484e+03	1.1285e-10
9.6509e+03	9.4818e-11
9.6533e+03	8.2323e-11
9.6558e+03	9.0801e-11
9.6582e+03	1.0059e-10
9.6606e+03	1.0532e-10
9.6631e+03	1.0050e-10
9.6655e+03	9.4368e-11
9.6680e+03	9.4016e-11
9.6704e+03	8.6417e-11
9.6729e+03	1.1149e-10
9.6753e+03	1.1447e-10
9.6777e+03	9.2890e-11
9.6802e+03	8.2868e-11
9.6826e+03	1.1372e-10
9.6851e+03	1.1592e-10
9.6875e+03	1.2640e-10
9.6899e+03	1.0301e-10
9.6924e+03	9.5476e-11
9.6948e+03	1.2236e-10
9.6973e+03	9.6965e-11
9.6997e+03	7.6491e-11
9.7021e+03	7.4230e-11
9.7046e+03	9.9678e-11
9.7070e+03	1.2702e-10
9.7095e+03	9.6795e-11
9.7119e+03	1.0530e-10
9.7144e+03	8.3636e-11
9.7168e+03	7.9728e-11
9.7192e+03	1.1110e-10
9.7217e+03	1.1040e-10
9.7241e+03	1.1949e-10
9.7266e+03	1.0293e-10
9.7290e+03	8.4648e-11
9.7314e+03	9.9036e-11
9.7339e+03	1.0618e-10
9.7363e+03	1.0770e-10
9.7388e+03	1.0851e-10
9.7412e+03	1.1202e-10
9.7437e+03	1.1519e-10
9.7461e+03	1.1368e-10
9.7485e+03	1.2400e-10
9.7510e+03	1.0766e-10
9.7534e+03	1.0347e-10
9.7559e+03	1.0490e-10
9.7583e+03	1.0117e-10
9.7607e+03	7.2059e-11
9.7632e+03	7.8622e-11
9.7656e+03	8.2810e-11
9.7681e+03	1.0154e-10
9.7705e+03	1.0781e-10
9.7729e+03	8.2719e-11
9.7754e+03	1.0537e-10
9.7778e+03	1.0226e-10
9.7803e+03	9.9041e-11
9.7827e+03	8.2254e-11
9.7852e+03	6.6980e-11
9.7876e+03	9.4475e-11
9.7900e+03	8.4948e-11
9.7925e+03	9.2151e-11
9.7949e+03	1.2528e-10
9.7974e+03	1.1994e-10
9.7998e+03	9.4833e-11
9.8022e+03	7.8636e-11
9.8047e+03	7.1536e-11
9.8071e+03	1.4127e-10
9.8096e+03	1.3193e-10
9.8120e+03	9.3127e-11
9.8145e+03	8.5042e-11
9.8169e+03	9.3578e-11
9.8193e+03	7.9068e-11
9.8218e+03	9.8181e-11
9.8242e+03	1.0865e-10
9.8267e+03	8.6190e-11
9.8291e+03	1.0640e-10
9.8315e+03	9.2518e-11
9.8340e+03	9.8155e-11
9.8364e+03	1.0018e-10
9.8389e+03	8.9751e-11
9.8413e+03	9.2340e-11
9.8438e+03	8.7938e-11
9.8462e+03	9.5614e-11
9.8486e+03	9.9945e-11
9.8511e+03	1.0606e-10
9.8535e+03	1.1538e-10
9.8560e+03	9.9789e-11
9.8584e+03	7.5394e-11
9.8608e+03	8.8438e-11
9.8633e+03	9.2164e-11
9.8657e+03	1.3128e-10
9.8682e+03	1.2476e-10
9.8706e+03	8.6803e-11
9.8730e+03	9.8948e-11
9.8755e+03	1.2511e-10
9.8779e+03	1.3467e-10
9.8804e+03	1.1876e-10
9.8828e+03	8.9653e-11
9.8853e+03	8.5603e-11
9.8877e+03	1.0094e-10
9.8901e+03	1.1990e-10
9.8926e+03	1.1490e-10
9.8950e+03	1.0191e-10
9.8975e+03	7.8426e-11
9.8999e+03	7.4590e-11
9.9023e+03	9.7488e-11
9.9048e+03	9.3004e-11
9.9072e+03	1.1417e-10
9.9097e+03	1.2578e-10
9.9121e+03	1.1247e-10
9.9146e+03	8.4824e-11
9.9170e+03	8.0091e-11
9.9194e+03	9.4140e-11
9.9219e+03	9.8459e-11
9.9243e+03	1.2566e-10
9.9268e+03	1.0804e-10
9.9292e+03	1.1764e-10
9.9316e+03	9.6567e-11
9.9341e+03	8.2550e-11
9.9365e+03	1.1210e-10
9.9390e+03	9.2779e-11
9.9414e+03	1.0928e-10
9.9438e+03	9.8644e-11
9.9463e+03	1.0912e-10
9.9487e+03	1.2378e-10
9.9512e+03	1.0509e-10
9.9536e+03	1.0873e-10
9.9561e+03	1.1917e-10
9.9585e+03	1.0113e-10
9.9609e+03	8.0484e-11
9.9634e+03	8.7453e-11
9.9658e+03	9.4573e-11
9.9683e+03	8.9433e-11
9.9707e+03	1.0016e-10
9.9731e+03	1.0903e-10
9.9756e+03	9.5375e-11
9.9780e+03	9.9590e-11
9.9805e+03	1.1283e-10
9.9829e+03	1.0918e-10
9.9854e+03	9.1319e-11
9.9878e+03	1.0931e-10
9.9902e+03	1.1943e-10
9.9927e+03	1.1042e-10
9.9951e+03	1.1897e-10
9.9976e+03	9.9316e-11
1.0000e+04	5.4180e-11
