1.0000e+00	1.0000e-05
1.1000e+00	1.0000e-05
1.2000e+00	1.0000e-05
1.3000e+00	1.0000e-05
1.4000e+00	1.0000e-05
1.5000e+00	1.0000e-05
1.6000e+00	1.0000e-05
1.7000e+00	1.0000e-05
1.8000e+00	1.0000e-05
1.9000e+00	1.0000e-05
2.0000e+00	1.0000e-05
2.1000e+00	1.0000e-05
2.2000e+00	1.0000e-05
2.3000e+00	1.0000e-05
2.4000e+00	1.0000e-05
2.5000e+00	1.0000e-05
2.6000e+00	1.0000e-05
2.7000e+00	1.0000e-05
2.8000e+00	1.0000e-05
2.9000e+00	1.0000e-05
3.0000e+00	1.0000e-05
3.1000e+00	1.0000e-05
3.2000e+00	1.0000e-05
3.3000e+00	1.0000e-05
3.4000e+00	1.0000e-05
3.5000e+00	1.0000e-05
3.6000e+00	1.0000e-05
3.7000e+00	1.0000e-05
3.8000e+00	1.0000e-05
3.9000e+00	1.0000e-05
4.0000e+00	1.0000e-05
4.1000e+00	1.0000e-05
4.2000e+00	1.0000e-05
4.3000e+00	1.0000e-05
4.4000e+00	1.0000e-05
4.5000e+00	1.0000e-05
4.6000e+00	1.0000e-05
4.7000e+00	1.0000e-05
4.8000e+00	1.0000e-05
4.9000e+00	1.0000e-05
5.0000e+00	1.0000e-05
5.1000e+00	1.0000e-05
5.2000e+00	1.0000e-05
5.3000e+00	1.0000e-05
5.4000e+00	1.0000e-05
5.5000e+00	1.0000e-05
5.6000e+00	1.0000e-05
5.7000e+00	1.0000e-05
5.8000e+00	1.0000e-05
5.9000e+00	1.0000e-05
6.0000e+00	1.0000e-05
6.1000e+00	1.0624e-05
6.2000e+00	1.1275e-05
6.3000e+00	1.1956e-05
6.4000e+00	1.2665e-05
6.5000e+00	1.3405e-05
6.6000e+00	1.4175e-05
6.7000e+00	1.4977e-05
6.8000e+00	1.5812e-05
6.9000e+00	1.6680e-05
7.0000e+00	1.7582e-05
7.1000e+00	1.8519e-05
7.2000e+00	1.9492e-05
7.3000e+00	2.0502e-05
7.4000e+00	2.1549e-05
7.5000e+00	2.2634e-05
7.6000e+00	2.3759e-05
7.7000e+00	2.4923e-05
7.8000e+00	2.6129e-05
7.9000e+00	2.7376e-05
8.0000e+00	2.8666e-05
8.1000e+00	3.0000e-05
8.2000e+00	3.3899e-05
8.3000e+00	3.8248e-05
8.4000e+00	4.3092e-05
8.5000e+00	4.8481e-05
8.6000e+00	5.4470e-05
8.7000e+00	6.1115e-05
8.8000e+00	6.8482e-05
8.9000e+00	7.6637e-05
9.0000e+00	8.5656e-05
9.1000e+00	9.5619e-05
9.2000e+00	1.0661e-04
9.3000e+00	1.1873e-04
9.4000e+00	1.3207e-04
9.5000e+00	1.4675e-04
9.6000e+00	1.6288e-04
9.7000e+00	1.8058e-04
9.8000e+00	2.0000e-04
9.9000e+00	2.9207e-04
1.0000e+01	4.2490e-04
1.0100e+01	6.1585e-04
1.0200e+01	8.8934e-04
1.0300e+01	1.2797e-03
1.0400e+01	1.8349e-03
1.0500e+01	2.6220e-03
1.0600e+01	3.7340e-03
1.0700e+01	5.3000e-03
1.0800e+01	5.3000e-03
1.0900e+01	5.3000e-03
1.1000e+01	5.3000e-03
1.1100e+01	5.3000e-03
1.1200e+01	5.3000e-03
1.1300e+01	5.3000e-03
1.1400e+01	5.3000e-03
1.1500e+01	5.3000e-03
1.1600e+01	5.3000e-03
1.1700e+01	5.3000e-03
1.1800e+01	5.3000e-03
1.1900e+01	5.3000e-03
1.2000e+01	5.3000e-03
1.2100e+01	5.3000e-03
1.2200e+01	5.3000e-03
1.2300e+01	5.3000e-03
1.2400e+01	5.3000e-03
1.2500e+01	5.3000e-03
1.2600e+01	5.3000e-03
1.2700e+01	5.3000e-03
1.2800e+01	5.3000e-03
1.2900e+01	5.3000e-03
1.3000e+01	5.3000e-03
1.3100e+01	5.3000e-03
1.3200e+01	5.3000e-03
1.3300e+01	5.3000e-03
1.3400e+01	5.3000e-03
1.3500e+01	5.3000e-03
1.3600e+01	5.3000e-03
1.3700e+01	5.3000e-03
1.3800e+01	5.3000e-03
1.3900e+01	5.3000e-03
1.4000e+01	5.3000e-03
1.4100e+01	5.3000e-03
1.4200e+01	5.3000e-03
1.4300e+01	5.3000e-03
1.4400e+01	5.3000e-03
1.4500e+01	5.3000e-03
1.4600e+01	5.3000e-03
1.4700e+01	5.3000e-03
1.4800e+01	5.3000e-03
1.4900e+01	5.3000e-03
1.5000e+01	5.3000e-03
1.5100e+01	5.1591e-03
1.5200e+01	5.0228e-03
1.5300e+01	4.8909e-03
1.5400e+01	4.7634e-03
1.5500e+01	4.6399e-03
1.5600e+01	4.5205e-03
1.5700e+01	4.4048e-03
1.5800e+01	4.2928e-03
1.5900e+01	4.1843e-03
1.6000e+01	4.0793e-03
1.6100e+01	3.9775e-03
1.6200e+01	3.8788e-03
1.6300e+01	3.7832e-03
1.6400e+01	3.6905e-03
1.6500e+01	3.6006e-03
1.6600e+01	3.5134e-03
1.6700e+01	3.4289e-03
1.6800e+01	3.3468e-03
1.6900e+01	3.2672e-03
1.7000e+01	3.1899e-03
1.7100e+01	3.1150e-03
1.7200e+01	3.0421e-03
1.7300e+01	2.9714e-03
1.7400e+01	2.9028e-03
1.7500e+01	2.8361e-03
1.7600e+01	2.7713e-03
1.7700e+01	2.7083e-03
1.7800e+01	2.6471e-03
1.7900e+01	2.5876e-03
1.8000e+01	2.5298e-03
1.8100e+01	2.4736e-03
1.8200e+01	2.4189e-03
1.8300e+01	2.3658e-03
1.8400e+01	2.3140e-03
1.8500e+01	2.2637e-03
1.8600e+01	2.2148e-03
1.8700e+01	2.1671e-03
1.8800e+01	2.1207e-03
1.8900e+01	2.0756e-03
1.9000e+01	2.0316e-03
1.9100e+01	1.9888e-03
1.9200e+01	1.9471e-03
1.9300e+01	1.9065e-03
1.9400e+01	1.8670e-03
1.9500e+01	1.8285e-03
1.9600e+01	1.7909e-03
1.9700e+01	1.7543e-03
1.9800e+01	1.7187e-03
1.9900e+01	1.6839e-03
2.0000e+01	1.6500e-03
2.0100e+01	1.6500e-03
2.0200e+01	1.6500e-03
2.0300e+01	1.6500e-03
2.0400e+01	1.6500e-03
2.0500e+01	1.6500e-03
2.0600e+01	1.6500e-03
2.0700e+01	1.6500e-03
2.0800e+01	1.6500e-03
2.0900e+01	1.6500e-03
2.1000e+01	1.6500e-03
2.1100e+01	1.6500e-03
2.1200e+01	1.6500e-03
2.1300e+01	1.6500e-03
2.1400e+01	1.6500e-03
2.1500e+01	1.6500e-03
2.1600e+01	1.6500e-03
2.1700e+01	1.6500e-03
2.1800e+01	1.6500e-03
2.1900e+01	1.6500e-03
2.2000e+01	1.6500e-03
2.2100e+01	1.6500e-03
2.2200e+01	1.6500e-03
2.2300e+01	1.6500e-03
2.2400e+01	1.6500e-03
2.2500e+01	1.6500e-03
2.2600e+01	1.6500e-03
2.2700e+01	1.6500e-03
2.2800e+01	1.6500e-03
2.2900e+01	1.6500e-03
2.3000e+01	1.6500e-03
2.3100e+01	1.6500e-03
2.3200e+01	1.6500e-03
2.3300e+01	1.6500e-03
2.3400e+01	1.6500e-03
2.3500e+01	1.6500e-03
2.3600e+01	1.6500e-03
2.3700e+01	1.6500e-03
2.3800e+01	1.6500e-03
2.3900e+01	1.6500e-03
2.4000e+01	1.6500e-03
2.4100e+01	1.6500e-03
2.4200e+01	1.6500e-03
2.4300e+01	1.6500e-03
2.4400e+01	1.6500e-03
2.4500e+01	1.6500e-03
2.4600e+01	1.6500e-03
2.4700e+01	1.6500e-03
2.4800e+01	1.6500e-03
2.4900e+01	1.6500e-03
2.5000e+01	1.6500e-03
2.5100e+01	1.6500e-03
2.5200e+01	1.6500e-03
2.5300e+01	1.6500e-03
2.5400e+01	1.6500e-03
2.5500e+01	1.6500e-03
2.5600e+01	1.6500e-03
2.5700e+01	1.6500e-03
2.5800e+01	1.6500e-03
2.5900e+01	1.6500e-03
2.6000e+01	1.6500e-03
2.6100e+01	1.6500e-03
2.6200e+01	1.6500e-03
2.6300e+01	1.6500e-03
2.6400e+01	1.6500e-03
2.6500e+01	1.6500e-03
2.6600e+01	1.6500e-03
2.6700e+01	1.6500e-03
2.6800e+01	1.6500e-03
2.6900e+01	1.6500e-03
2.7000e+01	1.6500e-03
2.7100e+01	1.6500e-03
2.7200e+01	1.6500e-03
2.7300e+01	1.6500e-03
2.7400e+01	1.6500e-03
2.7500e+01	1.6500e-03
2.7600e+01	1.6500e-03
2.7700e+01	1.6500e-03
2.7800e+01	1.6500e-03
2.7900e+01	1.6500e-03
2.8000e+01	1.6500e-03
2.8100e+01	1.6500e-03
2.8200e+01	1.6500e-03
2.8300e+01	1.6500e-03
2.8400e+01	1.6500e-03
2.8500e+01	1.6500e-03
2.8600e+01	1.6500e-03
2.8700e+01	1.6500e-03
2.8800e+01	1.6500e-03
2.8900e+01	1.6500e-03
2.9000e+01	1.6500e-03
2.9100e+01	1.6500e-03
2.9200e+01	1.6500e-03
2.9300e+01	1.6500e-03
2.9400e+01	1.6500e-03
2.9500e+01	1.6500e-03
2.9600e+01	1.6500e-03
2.9700e+01	1.6500e-03
2.9800e+01	1.6500e-03
2.9900e+01	1.6500e-03
3.0000e+01	1.6500e-03
3.0100e+01	1.6500e-03
3.0200e+01	1.6500e-03
3.0300e+01	1.6500e-03
3.0400e+01	1.6500e-03
3.0500e+01	1.6500e-03
3.0600e+01	1.6500e-03
3.0700e+01	1.6500e-03
3.0800e+01	1.6500e-03
3.0900e+01	1.6500e-03
3.1000e+01	1.6500e-03
3.1100e+01	1.6500e-03
3.1200e+01	1.6500e-03
3.1300e+01	1.6500e-03
3.1400e+01	1.6500e-03
3.1500e+01	1.6500e-03
3.1600e+01	1.6500e-03
3.1700e+01	1.6500e-03
3.1800e+01	1.6500e-03
3.1900e+01	1.6500e-03
3.2000e+01	1.6500e-03
3.2100e+01	1.6500e-03
3.2200e+01	1.6500e-03
3.2300e+01	1.6500e-03
3.2400e+01	1.6500e-03
3.2500e+01	1.6500e-03
3.2600e+01	1.6500e-03
3.2700e+01	1.6500e-03
3.2800e+01	1.6500e-03
3.2900e+01	1.6500e-03
3.3000e+01	1.6500e-03
3.3100e+01	1.6500e-03
3.3200e+01	1.6500e-03
3.3300e+01	1.6500e-03
3.3400e+01	1.6500e-03
3.3500e+01	1.6500e-03
3.3600e+01	1.6500e-03
3.3700e+01	1.6500e-03
3.3800e+01	1.6500e-03
3.3900e+01	1.6500e-03
3.4000e+01	1.6500e-03
3.4100e+01	1.6500e-03
3.4200e+01	1.6500e-03
3.4300e+01	1.6500e-03
3.4400e+01	1.6500e-03
3.4500e+01	1.6500e-03
3.4600e+01	1.6500e-03
3.4700e+01	1.6500e-03
3.4800e+01	1.6500e-03
3.4900e+01	1.6500e-03
3.5000e+01	1.6500e-03
3.5100e+01	1.6500e-03
3.5200e+01	1.6500e-03
3.5300e+01	1.6500e-03
3.5400e+01	1.6500e-03
3.5500e+01	1.6500e-03
3.5600e+01	1.6500e-03
3.5700e+01	1.6500e-03
3.5800e+01	1.6500e-03
3.5900e+01	1.6500e-03
3.6000e+01	1.6500e-03
3.6100e+01	1.6500e-03
3.6200e+01	1.6500e-03
3.6300e+01	1.6500e-03
3.6400e+01	1.6500e-03
3.6500e+01	1.6500e-03
3.6600e+01	1.6500e-03
3.6700e+01	1.6500e-03
3.6800e+01	1.6500e-03
3.6900e+01	1.6500e-03
3.7000e+01	1.6500e-03
3.7100e+01	1.6500e-03
3.7200e+01	1.6500e-03
3.7300e+01	1.6500e-03
3.7400e+01	1.6500e-03
3.7500e+01	1.6500e-03
3.7600e+01	1.6500e-03
3.7700e+01	1.6500e-03
3.7800e+01	1.6500e-03
3.7900e+01	1.6500e-03
3.8000e+01	1.6500e-03
3.8100e+01	1.6500e-03
3.8200e+01	1.6500e-03
3.8300e+01	1.6500e-03
3.8400e+01	1.6500e-03
3.8500e+01	1.6500e-03
3.8600e+01	1.6500e-03
3.8700e+01	1.6500e-03
3.8800e+01	1.6500e-03
3.8900e+01	1.6500e-03
3.9000e+01	1.6500e-03
3.9100e+01	1.6387e-03
3.9200e+01	1.6275e-03
3.9300e+01	1.6164e-03
3.9400e+01	1.6054e-03
3.9500e+01	1.5945e-03
3.9600e+01	1.5838e-03
3.9700e+01	1.5731e-03
3.9800e+01	1.5625e-03
3.9900e+01	1.5520e-03
4.0000e+01	1.5416e-03
4.0100e+01	1.5313e-03
4.0200e+01	1.5211e-03
4.0300e+01	1.5110e-03
4.0400e+01	1.5010e-03
4.0500e+01	1.4911e-03
4.0600e+01	1.4812e-03
4.0700e+01	1.4715e-03
4.0800e+01	1.4618e-03
4.0900e+01	1.4522e-03
4.1000e+01	1.4428e-03
4.1100e+01	1.4334e-03
4.1200e+01	1.4240e-03
4.1300e+01	1.4148e-03
4.1400e+01	1.4056e-03
4.1500e+01	1.3966e-03
4.1600e+01	1.3876e-03
4.1700e+01	1.3787e-03
4.1800e+01	1.3698e-03
4.1900e+01	1.3611e-03
4.2000e+01	1.3524e-03
4.2100e+01	1.3438e-03
4.2200e+01	1.3353e-03
4.2300e+01	1.3268e-03
4.2400e+01	1.3184e-03
4.2500e+01	1.3101e-03
4.2600e+01	1.3019e-03
4.2700e+01	1.2937e-03
4.2800e+01	1.2856e-03
4.2900e+01	1.2776e-03
4.3000e+01	1.2696e-03
4.3100e+01	1.2617e-03
4.3200e+01	1.2539e-03
4.3300e+01	1.2462e-03
4.3400e+01	1.2385e-03
4.3500e+01	1.2308e-03
4.3600e+01	1.2233e-03
4.3700e+01	1.2158e-03
4.3800e+01	1.2083e-03
4.3900e+01	1.2010e-03
4.4000e+01	1.1937e-03
4.4100e+01	1.1864e-03
4.4200e+01	1.1792e-03
4.4300e+01	1.1721e-03
4.4400e+01	1.1650e-03
4.4500e+01	1.1580e-03
4.4600e+01	1.1510e-03
4.4700e+01	1.1441e-03
4.4800e+01	1.1373e-03
4.4900e+01	1.1305e-03
4.5000e+01	1.1238e-03
4.5100e+01	1.1171e-03
4.5200e+01	1.1105e-03
4.5300e+01	1.1039e-03
4.5400e+01	1.0974e-03
4.5500e+01	1.0910e-03
4.5600e+01	1.0845e-03
4.5700e+01	1.0782e-03
4.5800e+01	1.0719e-03
4.5900e+01	1.0656e-03
4.6000e+01	1.0594e-03
4.6100e+01	1.0533e-03
4.6200e+01	1.0472e-03
4.6300e+01	1.0411e-03
4.6400e+01	1.0351e-03
4.6500e+01	1.0291e-03
4.6600e+01	1.0232e-03
4.6700e+01	1.0173e-03
4.6800e+01	1.0115e-03
4.6900e+01	1.0057e-03
4.7000e+01	1.0000e-03
4.7100e+01	1.0000e-03
4.7200e+01	1.0000e-03
4.7300e+01	1.0000e-03
4.7400e+01	1.0000e-03
4.7500e+01	1.0000e-03
4.7600e+01	1.0000e-03
4.7700e+01	1.0000e-03
4.7800e+01	1.0000e-03
4.7900e+01	1.0000e-03
4.8000e+01	1.0000e-03
4.8100e+01	1.0000e-03
4.8200e+01	1.0000e-03
4.8300e+01	1.0000e-03
4.8400e+01	1.0000e-03
4.8500e+01	1.0000e-03
4.8600e+01	1.0000e-03
4.8700e+01	1.0000e-03
4.8800e+01	1.0000e-03
4.8900e+01	1.0000e-03
4.9000e+01	1.0000e-03
4.9100e+01	1.0000e-03
4.9200e+01	1.0000e-03
4.9300e+01	1.0000e-03
4.9400e+01	1.0000e-03
4.9500e+01	1.0000e-03
4.9600e+01	1.0000e-03
4.9700e+01	1.0000e-03
4.9800e+01	1.0000e-03
4.9900e+01	1.0000e-03
5.0000e+01	1.0000e-03
5.0100e+01	1.0000e-03
5.0200e+01	1.0000e-03
5.0300e+01	1.0000e-03
5.0400e+01	1.0000e-03
5.0500e+01	1.0000e-03
5.0600e+01	1.0000e-03
5.0700e+01	1.0000e-03
5.0800e+01	1.0000e-03
5.0900e+01	1.0000e-03
5.1000e+01	1.0000e-03
5.1100e+01	1.0000e-03
5.1200e+01	1.0000e-03
5.1300e+01	1.0000e-03
5.1400e+01	1.0000e-03
5.1500e+01	1.0000e-03
5.1600e+01	1.0000e-03
5.1700e+01	1.0000e-03
5.1800e+01	1.0000e-03
5.1900e+01	1.0000e-03
5.2000e+01	1.0000e-03
5.2100e+01	1.0000e-03
5.2200e+01	1.0000e-03
5.2300e+01	1.0000e-03
5.2400e+01	1.0000e-03
5.2500e+01	1.0000e-03
5.2600e+01	1.0000e-03
5.2700e+01	1.0000e-03
5.2800e+01	1.0000e-03
5.2900e+01	1.0000e-03
5.3000e+01	1.0000e-03
5.3100e+01	1.0000e-03
5.3200e+01	1.0000e-03
5.3300e+01	1.0000e-03
5.3400e+01	1.0000e-03
5.3500e+01	1.0000e-03
5.3600e+01	1.0000e-03
5.3700e+01	1.0000e-03
5.3800e+01	1.0000e-03
5.3900e+01	1.0000e-03
5.4000e+01	1.0000e-03
5.4100e+01	1.0000e-03
5.4200e+01	1.0000e-03
5.4300e+01	1.0000e-03
5.4400e+01	1.0000e-03
5.4500e+01	1.0000e-03
5.4600e+01	1.0000e-03
5.4700e+01	1.0000e-03
5.4800e+01	1.0000e-03
5.4900e+01	1.0000e-03
5.5000e+01	1.0000e-03
5.5100e+01	1.0000e-03
5.5200e+01	1.0000e-03
5.5300e+01	1.0000e-03
5.5400e+01	1.0000e-03
5.5500e+01	1.0000e-03
5.5600e+01	1.0000e-03
5.5700e+01	1.0000e-03
5.5800e+01	1.0000e-03
5.5900e+01	1.0000e-03
5.6000e+01	1.0000e-03
5.6100e+01	1.0000e-03
5.6200e+01	1.0000e-03
5.6300e+01	1.0000e-03
5.6400e+01	1.0000e-03
5.6500e+01	1.0000e-03
5.6600e+01	1.0000e-03
5.6700e+01	1.0000e-03
5.6800e+01	1.0000e-03
5.6900e+01	1.0000e-03
5.7000e+01	1.0000e-03
5.7100e+01	1.0000e-03
5.7200e+01	1.0000e-03
5.7300e+01	1.0000e-03
5.7400e+01	1.0000e-03
5.7500e+01	1.0000e-03
5.7600e+01	1.0000e-03
5.7700e+01	1.0000e-03
5.7800e+01	1.0000e-03
5.7900e+01	1.0000e-03
5.8000e+01	1.0000e-03
5.8100e+01	1.0000e-03
5.8200e+01	1.0000e-03
5.8300e+01	1.0000e-03
5.8400e+01	1.0000e-03
5.8500e+01	1.0000e-03
5.8600e+01	1.0000e-03
5.8700e+01	1.0000e-03
5.8800e+01	1.0000e-03
5.8900e+01	1.0000e-03
5.9000e+01	1.0000e-03
5.9100e+01	1.0000e-03
5.9200e+01	1.0000e-03
5.9300e+01	1.0000e-03
5.9400e+01	1.0000e-03
5.9500e+01	1.0000e-03
5.9600e+01	1.0000e-03
5.9700e+01	1.0000e-03
5.9800e+01	1.0000e-03
5.9900e+01	1.0000e-03
6.0000e+01	1.0000e-03
6.0100e+01	1.0000e-03
6.0200e+01	1.0000e-03
6.0300e+01	1.0000e-03
6.0400e+01	1.0000e-03
6.0500e+01	1.0000e-03
6.0600e+01	1.0000e-03
6.0700e+01	1.0000e-03
6.0800e+01	1.0000e-03
6.0900e+01	1.0000e-03
6.1000e+01	1.0000e-03
6.1100e+01	1.0000e-03
6.1200e+01	1.0000e-03
6.1300e+01	1.0000e-03
6.1400e+01	1.0000e-03
6.1500e+01	1.0000e-03
6.1600e+01	1.0000e-03
6.1700e+01	1.0000e-03
6.1800e+01	1.0000e-03
6.1900e+01	1.0000e-03
6.2000e+01	1.0000e-03
6.2100e+01	1.0000e-03
6.2200e+01	1.0000e-03
6.2300e+01	1.0000e-03
6.2400e+01	1.0000e-03
6.2500e+01	1.0000e-03
6.2600e+01	1.0000e-03
6.2700e+01	1.0000e-03
6.2800e+01	1.0000e-03
6.2900e+01	1.0000e-03
6.3000e+01	1.0000e-03
6.3100e+01	1.0000e-03
6.3200e+01	1.0000e-03
6.3300e+01	1.0000e-03
6.3400e+01	1.0000e-03
6.3500e+01	1.0000e-03
6.3600e+01	1.0000e-03
6.3700e+01	1.0000e-03
6.3800e+01	1.0000e-03
6.3900e+01	1.0000e-03
6.4000e+01	1.0000e-03
6.4100e+01	1.0000e-03
6.4200e+01	1.0000e-03
6.4300e+01	1.0000e-03
6.4400e+01	1.0000e-03
6.4500e+01	1.0000e-03
6.4600e+01	1.0000e-03
6.4700e+01	1.0000e-03
6.4800e+01	1.0000e-03
6.4900e+01	1.0000e-03
6.5000e+01	1.0000e-03
6.5100e+01	1.0000e-03
6.5200e+01	1.0000e-03
6.5300e+01	1.0000e-03
6.5400e+01	1.0000e-03
6.5500e+01	1.0000e-03
6.5600e+01	1.0000e-03
6.5700e+01	1.0000e-03
6.5800e+01	1.0000e-03
6.5900e+01	1.0000e-03
6.6000e+01	1.0000e-03
6.6100e+01	1.0000e-03
6.6200e+01	1.0000e-03
6.6300e+01	1.0000e-03
6.6400e+01	1.0000e-03
6.6500e+01	1.0000e-03
6.6600e+01	1.0000e-03
6.6700e+01	1.0000e-03
6.6800e+01	1.0000e-03
6.6900e+01	1.0000e-03
6.7000e+01	1.0000e-03
6.7100e+01	1.0000e-03
6.7200e+01	1.0000e-03
6.7300e+01	1.0000e-03
6.7400e+01	1.0000e-03
6.7500e+01	1.0000e-03
6.7600e+01	1.0000e-03
6.7700e+01	1.0000e-03
6.7800e+01	1.0000e-03
6.7900e+01	1.0000e-03
6.8000e+01	1.0000e-03
6.8100e+01	1.0000e-03
6.8200e+01	1.0000e-03
6.8300e+01	1.0000e-03
6.8400e+01	1.0000e-03
6.8500e+01	1.0000e-03
6.8600e+01	1.0000e-03
6.8700e+01	1.0000e-03
6.8800e+01	1.0000e-03
6.8900e+01	1.0000e-03
6.9000e+01	1.0000e-03
6.9100e+01	1.0000e-03
6.9200e+01	1.0000e-03
6.9300e+01	1.0000e-03
6.9400e+01	1.0000e-03
6.9500e+01	1.0000e-03
6.9600e+01	1.0000e-03
6.9700e+01	1.0000e-03
6.9800e+01	1.0000e-03
6.9900e+01	1.0000e-03
7.0000e+01	1.0000e-03
7.0100e+01	1.0000e-03
7.0200e+01	1.0000e-03
7.0300e+01	1.0000e-03
7.0400e+01	1.0000e-03
7.0500e+01	1.0000e-03
7.0600e+01	1.0000e-03
7.0700e+01	1.0000e-03
7.0800e+01	1.0000e-03
7.0900e+01	1.0000e-03
7.1000e+01	1.0000e-03
7.1100e+01	1.0000e-03
7.1200e+01	1.0000e-03
7.1300e+01	1.0000e-03
7.1400e+01	1.0000e-03
7.1500e+01	1.0000e-03
7.1600e+01	1.0000e-03
7.1700e+01	1.0000e-03
7.1800e+01	1.0000e-03
7.1900e+01	1.0000e-03
7.2000e+01	1.0000e-03
7.2100e+01	1.0000e-03
7.2200e+01	1.0000e-03
7.2300e+01	1.0000e-03
7.2400e+01	1.0000e-03
7.2500e+01	1.0000e-03
7.2600e+01	1.0000e-03
7.2700e+01	1.0000e-03
7.2800e+01	1.0000e-03
7.2900e+01	1.0000e-03
7.3000e+01	1.0000e-03
7.3100e+01	1.0000e-03
7.3200e+01	1.0000e-03
7.3300e+01	1.0000e-03
7.3400e+01	1.0000e-03
7.3500e+01	1.0000e-03
7.3600e+01	1.0000e-03
7.3700e+01	1.0000e-03
7.3800e+01	1.0000e-03
7.3900e+01	1.0000e-03
7.4000e+01	1.0000e-03
7.4100e+01	1.0000e-03
7.4200e+01	1.0000e-03
7.4300e+01	1.0000e-03
7.4400e+01	1.0000e-03
7.4500e+01	1.0000e-03
7.4600e+01	1.0000e-03
7.4700e+01	1.0000e-03
7.4800e+01	1.0000e-03
7.4900e+01	1.0000e-03
7.5000e+01	1.0000e-03
7.5100e+01	1.0000e-03
7.5200e+01	1.0000e-03
7.5300e+01	1.0000e-03
7.5400e+01	1.0000e-03
7.5500e+01	1.0000e-03
7.5600e+01	1.0000e-03
7.5700e+01	1.0000e-03
7.5800e+01	1.0000e-03
7.5900e+01	1.0000e-03
7.6000e+01	1.0000e-03
7.6100e+01	1.0000e-03
7.6200e+01	1.0000e-03
7.6300e+01	1.0000e-03
7.6400e+01	1.0000e-03
7.6500e+01	1.0000e-03
7.6600e+01	1.0000e-03
7.6700e+01	1.0000e-03
7.6800e+01	1.0000e-03
7.6900e+01	1.0000e-03
7.7000e+01	1.0000e-03
7.7100e+01	1.0000e-03
7.7200e+01	1.0000e-03
7.7300e+01	1.0000e-03
7.7400e+01	1.0000e-03
7.7500e+01	1.0000e-03
7.7600e+01	1.0000e-03
7.7700e+01	1.0000e-03
7.7800e+01	1.0000e-03
7.7900e+01	1.0000e-03
7.8000e+01	1.0000e-03
7.8100e+01	1.0000e-03
7.8200e+01	1.0000e-03
7.8300e+01	1.0000e-03
7.8400e+01	1.0000e-03
7.8500e+01	1.0000e-03
7.8600e+01	1.0000e-03
7.8700e+01	1.0000e-03
7.8800e+01	1.0000e-03
7.8900e+01	1.0000e-03
7.9000e+01	1.0000e-03
7.9100e+01	1.0000e-03
7.9200e+01	1.0000e-03
7.9300e+01	1.0000e-03
7.9400e+01	1.0000e-03
7.9500e+01	1.0000e-03
7.9600e+01	1.0000e-03
7.9700e+01	1.0000e-03
7.9800e+01	1.0000e-03
7.9900e+01	1.0000e-03
8.0000e+01	1.0000e-03
8.0100e+01	1.0000e-03
8.0200e+01	1.0000e-03
8.0300e+01	1.0000e-03
8.0400e+01	1.0000e-03
8.0500e+01	1.0000e-03
8.0600e+01	1.0000e-03
8.0700e+01	1.0000e-03
8.0800e+01	1.0000e-03
8.0900e+01	1.0000e-03
8.1000e+01	1.0000e-03
8.1100e+01	1.0000e-03
8.1200e+01	1.0000e-03
8.1300e+01	1.0000e-03
8.1400e+01	1.0000e-03
8.1500e+01	1.0000e-03
8.1600e+01	1.0000e-03
8.1700e+01	1.0000e-03
8.1800e+01	1.0000e-03
8.1900e+01	1.0000e-03
8.2000e+01	1.0000e-03
8.2100e+01	1.0000e-03
8.2200e+01	1.0000e-03
8.2300e+01	1.0000e-03
8.2400e+01	1.0000e-03
8.2500e+01	1.0000e-03
8.2600e+01	1.0000e-03
8.2700e+01	1.0000e-03
8.2800e+01	1.0000e-03
8.2900e+01	1.0000e-03
8.3000e+01	1.0000e-03
8.3100e+01	1.0000e-03
8.3200e+01	1.0000e-03
8.3300e+01	1.0000e-03
8.3400e+01	1.0000e-03
8.3500e+01	1.0000e-03
8.3600e+01	1.0000e-03
8.3700e+01	1.0000e-03
8.3800e+01	1.0000e-03
8.3900e+01	1.0000e-03
8.4000e+01	1.0000e-03
8.4100e+01	1.0000e-03
8.4200e+01	1.0000e-03
8.4300e+01	1.0000e-03
8.4400e+01	1.0000e-03
8.4500e+01	1.0000e-03
8.4600e+01	1.0000e-03
8.4700e+01	1.0000e-03
8.4800e+01	1.0000e-03
8.4900e+01	1.0000e-03
8.5000e+01	1.0000e-03
8.5100e+01	1.0000e-03
8.5200e+01	1.0000e-03
8.5300e+01	1.0000e-03
8.5400e+01	1.0000e-03
8.5500e+01	1.0000e-03
8.5600e+01	1.0000e-03
8.5700e+01	1.0000e-03
8.5800e+01	1.0000e-03
8.5900e+01	1.0000e-03
8.6000e+01	1.0000e-03
8.6100e+01	1.0000e-03
8.6200e+01	1.0000e-03
8.6300e+01	1.0000e-03
8.6400e+01	1.0000e-03
8.6500e+01	1.0000e-03
8.6600e+01	1.0000e-03
8.6700e+01	1.0000e-03
8.6800e+01	1.0000e-03
8.6900e+01	1.0000e-03
8.7000e+01	1.0000e-03
8.7100e+01	1.0000e-03
8.7200e+01	1.0000e-03
8.7300e+01	1.0000e-03
8.7400e+01	1.0000e-03
8.7500e+01	1.0000e-03
8.7600e+01	1.0000e-03
8.7700e+01	1.0000e-03
8.7800e+01	1.0000e-03
8.7900e+01	1.0000e-03
8.8000e+01	1.0000e-03
8.8100e+01	1.0000e-03
8.8200e+01	1.0000e-03
8.8300e+01	1.0000e-03
8.8400e+01	1.0000e-03
8.8500e+01	1.0000e-03
8.8600e+01	1.0000e-03
8.8700e+01	1.0000e-03
8.8800e+01	1.0000e-03
8.8900e+01	1.0000e-03
8.9000e+01	1.0000e-03
8.9100e+01	1.0000e-03
8.9200e+01	1.0000e-03
8.9300e+01	1.0000e-03
8.9400e+01	1.0000e-03
8.9500e+01	1.0000e-03
8.9600e+01	1.0000e-03
8.9700e+01	1.0000e-03
8.9800e+01	1.0000e-03
8.9900e+01	1.0000e-03
9.0000e+01	1.0000e-03
9.0100e+01	1.0000e-03
9.0200e+01	1.0000e-03
9.0300e+01	1.0000e-03
9.0400e+01	1.0000e-03
9.0500e+01	1.0000e-03
9.0600e+01	1.0000e-03
9.0700e+01	1.0000e-03
9.0800e+01	1.0000e-03
9.0900e+01	1.0000e-03
9.1000e+01	1.0000e-03
9.1100e+01	1.0000e-03
9.1200e+01	1.0000e-03
9.1300e+01	1.0000e-03
9.1400e+01	1.0000e-03
9.1500e+01	1.0000e-03
9.1600e+01	1.0000e-03
9.1700e+01	1.0000e-03
9.1800e+01	1.0000e-03
9.1900e+01	1.0000e-03
9.2000e+01	1.0000e-03
9.2100e+01	1.0000e-03
9.2200e+01	1.0000e-03
9.2300e+01	1.0000e-03
9.2400e+01	1.0000e-03
9.2500e+01	1.0000e-03
9.2600e+01	1.0000e-03
9.2700e+01	1.0000e-03
9.2800e+01	1.0000e-03
9.2900e+01	1.0000e-03
9.3000e+01	1.0000e-03
9.3100e+01	1.0000e-03
9.3200e+01	1.0000e-03
9.3300e+01	1.0000e-03
9.3400e+01	1.0000e-03
9.3500e+01	1.0000e-03
9.3600e+01	1.0000e-03
9.3700e+01	1.0000e-03
9.3800e+01	1.0000e-03
9.3900e+01	1.0000e-03
9.4000e+01	1.0000e-03
9.4100e+01	1.0000e-03
9.4200e+01	1.0000e-03
9.4300e+01	1.0000e-03
9.4400e+01	1.0000e-03
9.4500e+01	1.0000e-03
9.4600e+01	1.0000e-03
9.4700e+01	1.0000e-03
9.4800e+01	1.0000e-03
9.4900e+01	1.0000e-03
9.5000e+01	1.0000e-03
9.5100e+01	1.0000e-03
9.5200e+01	1.0000e-03
9.5300e+01	1.0000e-03
9.5400e+01	1.0000e-03
9.5500e+01	1.0000e-03
9.5600e+01	1.0000e-03
9.5700e+01	1.0000e-03
9.5800e+01	1.0000e-03
9.5900e+01	1.0000e-03
9.6000e+01	1.0000e-03
9.6100e+01	1.0000e-03
9.6200e+01	1.0000e-03
9.6300e+01	1.0000e-03
9.6400e+01	1.0000e-03
9.6500e+01	1.0000e-03
9.6600e+01	1.0000e-03
9.6700e+01	1.0000e-03
9.6800e+01	1.0000e-03
9.6900e+01	1.0000e-03
9.7000e+01	1.0000e-03
9.7100e+01	1.0000e-03
9.7200e+01	1.0000e-03
9.7300e+01	1.0000e-03
9.7400e+01	1.0000e-03
9.7500e+01	1.0000e-03
9.7600e+01	1.0000e-03
9.7700e+01	1.0000e-03
9.7800e+01	1.0000e-03
9.7900e+01	1.0000e-03
9.8000e+01	1.0000e-03
9.8100e+01	1.0000e-03
9.8200e+01	1.0000e-03
9.8300e+01	1.0000e-03
9.8400e+01	1.0000e-03
9.8500e+01	1.0000e-03
9.8600e+01	1.0000e-03
9.8700e+01	1.0000e-03
9.8800e+01	1.0000e-03
9.8900e+01	1.0000e-03
9.9000e+01	1.0000e-03
9.9100e+01	1.0000e-03
9.9200e+01	1.0000e-03
9.9300e+01	1.0000e-03
9.9400e+01	1.0000e-03
9.9500e+01	1.0000e-03
9.9600e+01	1.0000e-03
9.9700e+01	1.0000e-03
9.9800e+01	1.0000e-03
9.9900e+01	1.0000e-03
1.0000e+02	1.0000e-03
1.0010e+02	9.9749e-04
1.0020e+02	9.9499e-04
1.0030e+02	9.9251e-04
1.0040e+02	9.9002e-04
1.0050e+02	9.8755e-04
1.0060e+02	9.8509e-04
1.0070e+02	9.8263e-04
1.0080e+02	9.8019e-04
1.0090e+02	9.7775e-04
1.0100e+02	9.7532e-04
1.0110e+02	9.7290e-04
1.0120e+02	9.7049e-04
1.0130e+02	9.6808e-04
1.0140e+02	9.6569e-04
1.0150e+02	9.6330e-04
1.0160e+02	9.6092e-04
1.0170e+02	9.5855e-04
1.0180e+02	9.5618e-04
1.0190e+02	9.5383e-04
1.0200e+02	9.5148e-04
1.0210e+02	9.4914e-04
1.0220e+02	9.4681e-04
1.0230e+02	9.4449e-04
1.0240e+02	9.4218e-04
1.0250e+02	9.3987e-04
1.0260e+02	9.3757e-04
1.0270e+02	9.3528e-04
1.0280e+02	9.3300e-04
1.0290e+02	9.3072e-04
1.0300e+02	9.2845e-04
1.0310e+02	9.2619e-04
1.0320e+02	9.2394e-04
1.0330e+02	9.2169e-04
1.0340e+02	9.1946e-04
1.0350e+02	9.1723e-04
1.0360e+02	9.1501e-04
1.0370e+02	9.1279e-04
1.0380e+02	9.1058e-04
1.0390e+02	9.0839e-04
1.0400e+02	9.0619e-04
1.0410e+02	9.0401e-04
1.0420e+02	9.0183e-04
1.0430e+02	8.9966e-04
1.0440e+02	8.9750e-04
1.0450e+02	8.9534e-04
1.0460e+02	8.9320e-04
1.0470e+02	8.9105e-04
1.0480e+02	8.8892e-04
1.0490e+02	8.8679e-04
1.0500e+02	8.8467e-04
1.0510e+02	8.8256e-04
1.0520e+02	8.8046e-04
1.0530e+02	8.7836e-04
1.0540e+02	8.7627e-04
1.0550e+02	8.7418e-04
1.0560e+02	8.7210e-04
1.0570e+02	8.7003e-04
1.0580e+02	8.6797e-04
1.0590e+02	8.6591e-04
1.0600e+02	8.6386e-04
1.0610e+02	8.6182e-04
1.0620e+02	8.5978e-04
1.0630e+02	8.5775e-04
1.0640e+02	8.5573e-04
1.0650e+02	8.5371e-04
1.0660e+02	8.5170e-04
1.0670e+02	8.4970e-04
1.0680e+02	8.4770e-04
1.0690e+02	8.4571e-04
1.0700e+02	8.4373e-04
1.0710e+02	8.4175e-04
1.0720e+02	8.3978e-04
1.0730e+02	8.3782e-04
1.0740e+02	8.3586e-04
1.0750e+02	8.3391e-04
1.0760e+02	8.3196e-04
1.0770e+02	8.3002e-04
1.0780e+02	8.2809e-04
1.0790e+02	8.2617e-04
1.0800e+02	8.2425e-04
1.0810e+02	8.2233e-04
1.0820e+02	8.2042e-04
1.0830e+02	8.1852e-04
1.0840e+02	8.1663e-04
1.0850e+02	8.1474e-04
1.0860e+02	8.1286e-04
1.0870e+02	8.1098e-04
1.0880e+02	8.0911e-04
1.0890e+02	8.0724e-04
1.0900e+02	8.0539e-04
1.0910e+02	8.0353e-04
1.0920e+02	8.0169e-04
1.0930e+02	7.9984e-04
1.0940e+02	7.9801e-04
1.0950e+02	7.9618e-04
1.0960e+02	7.9436e-04
1.0970e+02	7.9254e-04
1.0980e+02	7.9073e-04
1.0990e+02	7.8892e-04
1.1000e+02	7.8712e-04
1.1010e+02	7.8533e-04
1.1020e+02	7.8354e-04
1.1030e+02	7.8176e-04
1.1040e+02	7.7998e-04
1.1050e+02	7.7821e-04
1.1060e+02	7.7644e-04
1.1070e+02	7.7468e-04
1.1080e+02	7.7293e-04
1.1090e+02	7.7118e-04
1.1100e+02	7.6943e-04
1.1110e+02	7.6770e-04
1.1120e+02	7.6596e-04
1.1130e+02	7.6424e-04
1.1140e+02	7.6251e-04
1.1150e+02	7.6080e-04
1.1160e+02	7.5909e-04
1.1170e+02	7.5738e-04
1.1180e+02	7.5568e-04
1.1190e+02	7.5399e-04
1.1200e+02	7.5230e-04
1.1210e+02	7.5061e-04
1.1220e+02	7.4893e-04
1.1230e+02	7.4726e-04
1.1240e+02	7.4559e-04
1.1250e+02	7.4393e-04
1.1260e+02	7.4227e-04
1.1270e+02	7.4062e-04
1.1280e+02	7.3897e-04
1.1290e+02	7.3733e-04
1.1300e+02	7.3569e-04
1.1310e+02	7.3406e-04
1.1320e+02	7.3243e-04
1.1330e+02	7.3081e-04
1.1340e+02	7.2919e-04
1.1350e+02	7.2758e-04
1.1360e+02	7.2597e-04
1.1370e+02	7.2437e-04
1.1380e+02	7.2277e-04
1.1390e+02	7.2118e-04
1.1400e+02	7.1959e-04
1.1410e+02	7.1801e-04
1.1420e+02	7.1643e-04
1.1430e+02	7.1485e-04
1.1440e+02	7.1329e-04
1.1450e+02	7.1172e-04
1.1460e+02	7.1016e-04
1.1470e+02	7.0861e-04
1.1480e+02	7.0706e-04
1.1490e+02	7.0552e-04
1.1500e+02	7.0398e-04
1.1510e+02	7.0244e-04
1.1520e+02	7.0091e-04
1.1530e+02	6.9938e-04
1.1540e+02	6.9786e-04
1.1550e+02	6.9635e-04
1.1560e+02	6.9484e-04
1.1570e+02	6.9333e-04
1.1580e+02	6.9183e-04
1.1590e+02	6.9033e-04
1.1600e+02	6.8883e-04
1.1610e+02	6.8734e-04
1.1620e+02	6.8586e-04
1.1630e+02	6.8438e-04
1.1640e+02	6.8290e-04
1.1650e+02	6.8143e-04
1.1660e+02	6.7997e-04
1.1670e+02	6.7850e-04
1.1680e+02	6.7705e-04
1.1690e+02	6.7559e-04
1.1700e+02	6.7414e-04
1.1710e+02	6.7270e-04
1.1720e+02	6.7126e-04
1.1730e+02	6.6982e-04
1.1740e+02	6.6839e-04
1.1750e+02	6.6696e-04
1.1760e+02	6.6554e-04
1.1770e+02	6.6412e-04
1.1780e+02	6.6270e-04
1.1790e+02	6.6129e-04
1.1800e+02	6.5989e-04
1.1810e+02	6.5848e-04
1.1820e+02	6.5709e-04
1.1830e+02	6.5569e-04
1.1840e+02	6.5430e-04
1.1850e+02	6.5292e-04
1.1860e+02	6.5153e-04
1.1870e+02	6.5016e-04
1.1880e+02	6.4878e-04
1.1890e+02	6.4741e-04
1.1900e+02	6.4605e-04
1.1910e+02	6.4469e-04
1.1920e+02	6.4333e-04
1.1930e+02	6.4197e-04
1.1940e+02	6.4063e-04
1.1950e+02	6.3928e-04
1.1960e+02	6.3794e-04
1.1970e+02	6.3660e-04
1.1980e+02	6.3527e-04
1.1990e+02	6.3394e-04
1.2000e+02	6.3261e-04
1.2010e+02	6.3129e-04
1.2020e+02	6.2997e-04
1.2030e+02	6.2866e-04
1.2040e+02	6.2735e-04
1.2050e+02	6.2604e-04
1.2060e+02	6.2474e-04
1.2070e+02	6.2344e-04
1.2080e+02	6.2214e-04
1.2090e+02	6.2085e-04
1.2100e+02	6.1956e-04
1.2110e+02	6.1828e-04
1.2120e+02	6.1700e-04
1.2130e+02	6.1572e-04
1.2140e+02	6.1445e-04
1.2150e+02	6.1318e-04
1.2160e+02	6.1191e-04
1.2170e+02	6.1065e-04
1.2180e+02	6.0939e-04
1.2190e+02	6.0814e-04
1.2200e+02	6.0689e-04
1.2210e+02	6.0564e-04
1.2220e+02	6.0440e-04
1.2230e+02	6.0316e-04
1.2240e+02	6.0192e-04
1.2250e+02	6.0068e-04
1.2260e+02	5.9946e-04
1.2270e+02	5.9823e-04
1.2280e+02	5.9701e-04
1.2290e+02	5.9579e-04
1.2300e+02	5.9457e-04
1.2310e+02	5.9336e-04
1.2320e+02	5.9215e-04
1.2330e+02	5.9094e-04
1.2340e+02	5.8974e-04
1.2350e+02	5.8854e-04
1.2360e+02	5.8735e-04
1.2370e+02	5.8616e-04
1.2380e+02	5.8497e-04
1.2390e+02	5.8378e-04
1.2400e+02	5.8260e-04
1.2410e+02	5.8142e-04
1.2420e+02	5.8025e-04
1.2430e+02	5.7908e-04
1.2440e+02	5.7791e-04
1.2450e+02	5.7674e-04
1.2460e+02	5.7558e-04
1.2470e+02	5.7442e-04
1.2480e+02	5.7327e-04
1.2490e+02	5.7212e-04
1.2500e+02	5.7097e-04
1.2510e+02	5.6982e-04
1.2520e+02	5.6868e-04
1.2530e+02	5.6754e-04
1.2540e+02	5.6640e-04
1.2550e+02	5.6527e-04
1.2560e+02	5.6414e-04
1.2570e+02	5.6302e-04
1.2580e+02	5.6189e-04
1.2590e+02	5.6077e-04
1.2600e+02	5.5965e-04
1.2610e+02	5.5854e-04
1.2620e+02	5.5743e-04
1.2630e+02	5.5632e-04
1.2640e+02	5.5522e-04
1.2650e+02	5.5412e-04
1.2660e+02	5.5302e-04
1.2670e+02	5.5192e-04
1.2680e+02	5.5083e-04
1.2690e+02	5.4974e-04
1.2700e+02	5.4865e-04
1.2710e+02	5.4757e-04
1.2720e+02	5.4649e-04
1.2730e+02	5.4541e-04
1.2740e+02	5.4434e-04
1.2750e+02	5.4327e-04
1.2760e+02	5.4220e-04
1.2770e+02	5.4113e-04
1.2780e+02	5.4007e-04
1.2790e+02	5.3901e-04
1.2800e+02	5.3795e-04
1.2810e+02	5.3690e-04
1.2820e+02	5.3585e-04
1.2830e+02	5.3480e-04
1.2840e+02	5.3375e-04
1.2850e+02	5.3271e-04
1.2860e+02	5.3167e-04
1.2870e+02	5.3063e-04
1.2880e+02	5.2960e-04
1.2890e+02	5.2857e-04
1.2900e+02	5.2754e-04
1.2910e+02	5.2651e-04
1.2920e+02	5.2549e-04
1.2930e+02	5.2447e-04
1.2940e+02	5.2345e-04
1.2950e+02	5.2244e-04
1.2960e+02	5.2143e-04
1.2970e+02	5.2042e-04
1.2980e+02	5.1941e-04
1.2990e+02	5.1841e-04
1.3000e+02	5.1741e-04
1.3010e+02	5.1641e-04
1.3020e+02	5.1541e-04
1.3030e+02	5.1442e-04
1.3040e+02	5.1343e-04
1.3050e+02	5.1244e-04
1.3060e+02	5.1146e-04
1.3070e+02	5.1048e-04
1.3080e+02	5.0950e-04
1.3090e+02	5.0852e-04
1.3100e+02	5.0754e-04
1.3110e+02	5.0657e-04
1.3120e+02	5.0560e-04
1.3130e+02	5.0464e-04
1.3140e+02	5.0367e-04
1.3150e+02	5.0271e-04
1.3160e+02	5.0175e-04
1.3170e+02	5.0080e-04
1.3180e+02	4.9984e-04
1.3190e+02	4.9889e-04
1.3200e+02	4.9794e-04
1.3210e+02	4.9700e-04
1.3220e+02	4.9605e-04
1.3230e+02	4.9511e-04
1.3240e+02	4.9417e-04
1.3250e+02	4.9324e-04
1.3260e+02	4.9230e-04
1.3270e+02	4.9137e-04
1.3280e+02	4.9044e-04
1.3290e+02	4.8952e-04
1.3300e+02	4.8859e-04
1.3310e+02	4.8767e-04
1.3320e+02	4.8675e-04
1.3330e+02	4.8584e-04
1.3340e+02	4.8492e-04
1.3350e+02	4.8401e-04
1.3360e+02	4.8310e-04
1.3370e+02	4.8219e-04
1.3380e+02	4.8129e-04
1.3390e+02	4.8039e-04
1.3400e+02	4.7949e-04
1.3410e+02	4.7859e-04
1.3420e+02	4.7769e-04
1.3430e+02	4.7680e-04
1.3440e+02	4.7591e-04
1.3450e+02	4.7502e-04
1.3460e+02	4.7414e-04
1.3470e+02	4.7325e-04
1.3480e+02	4.7237e-04
1.3490e+02	4.7149e-04
1.3500e+02	4.7062e-04
1.3510e+02	4.6974e-04
1.3520e+02	4.6887e-04
1.3530e+02	4.6800e-04
1.3540e+02	4.6713e-04
1.3550e+02	4.6627e-04
1.3560e+02	4.6540e-04
1.3570e+02	4.6454e-04
1.3580e+02	4.6369e-04
1.3590e+02	4.6283e-04
1.3600e+02	4.6197e-04
1.3610e+02	4.6112e-04
1.3620e+02	4.6027e-04
1.3630e+02	4.5942e-04
1.3640e+02	4.5858e-04
1.3650e+02	4.5774e-04
1.3660e+02	4.5690e-04
1.3670e+02	4.5606e-04
1.3680e+02	4.5522e-04
1.3690e+02	4.5438e-04
1.3700e+02	4.5355e-04
1.3710e+02	4.5272e-04
1.3720e+02	4.5189e-04
1.3730e+02	4.5107e-04
1.3740e+02	4.5024e-04
1.3750e+02	4.4942e-04
1.3760e+02	4.4860e-04
1.3770e+02	4.4778e-04
1.3780e+02	4.4697e-04
1.3790e+02	4.4615e-04
1.3800e+02	4.4534e-04
1.3810e+02	4.4453e-04
1.3820e+02	4.4373e-04
1.3830e+02	4.4292e-04
1.3840e+02	4.4212e-04
1.3850e+02	4.4132e-04
1.3860e+02	4.4052e-04
1.3870e+02	4.3972e-04
1.3880e+02	4.3892e-04
1.3890e+02	4.3813e-04
1.3900e+02	4.3734e-04
1.3910e+02	4.3655e-04
1.3920e+02	4.3576e-04
1.3930e+02	4.3498e-04
1.3940e+02	4.3420e-04
1.3950e+02	4.3341e-04
1.3960e+02	4.3263e-04
1.3970e+02	4.3186e-04
1.3980e+02	4.3108e-04
1.3990e+02	4.3031e-04
1.4000e+02	4.2954e-04
1.4010e+02	4.2877e-04
1.4020e+02	4.2800e-04
1.4030e+02	4.2723e-04
1.4040e+02	4.2647e-04
1.4050e+02	4.2571e-04
1.4060e+02	4.2495e-04
1.4070e+02	4.2419e-04
1.4080e+02	4.2343e-04
1.4090e+02	4.2268e-04
1.4100e+02	4.2193e-04
1.4110e+02	4.2118e-04
1.4120e+02	4.2043e-04
1.4130e+02	4.1968e-04
1.4140e+02	4.1894e-04
1.4150e+02	4.1819e-04
1.4160e+02	4.1745e-04
1.4170e+02	4.1671e-04
1.4180e+02	4.1597e-04
1.4190e+02	4.1524e-04
1.4200e+02	4.1450e-04
1.4210e+02	4.1377e-04
1.4220e+02	4.1304e-04
1.4230e+02	4.1231e-04
1.4240e+02	4.1159e-04
1.4250e+02	4.1086e-04
1.4260e+02	4.1014e-04
1.4270e+02	4.0942e-04
1.4280e+02	4.0870e-04
1.4290e+02	4.0798e-04
1.4300e+02	4.0726e-04
1.4310e+02	4.0655e-04
1.4320e+02	4.0584e-04
1.4330e+02	4.0512e-04
1.4340e+02	4.0442e-04
1.4350e+02	4.0371e-04
1.4360e+02	4.0300e-04
1.4370e+02	4.0230e-04
1.4380e+02	4.0160e-04
1.4390e+02	4.0090e-04
1.4400e+02	4.0020e-04
1.4410e+02	3.9950e-04
1.4420e+02	3.9880e-04
1.4430e+02	3.9811e-04
1.4440e+02	3.9742e-04
1.4450e+02	3.9673e-04
1.4460e+02	3.9604e-04
1.4470e+02	3.9535e-04
1.4480e+02	3.9467e-04
1.4490e+02	3.9398e-04
1.4500e+02	3.9330e-04
1.4510e+02	3.9262e-04
1.4520e+02	3.9194e-04
1.4530e+02	3.9126e-04
1.4540e+02	3.9059e-04
1.4550e+02	3.8992e-04
1.4560e+02	3.8924e-04
1.4570e+02	3.8857e-04
1.4580e+02	3.8790e-04
1.4590e+02	3.8724e-04
1.4600e+02	3.8657e-04
1.4610e+02	3.8591e-04
1.4620e+02	3.8524e-04
1.4630e+02	3.8458e-04
1.4640e+02	3.8392e-04
1.4650e+02	3.8327e-04
1.4660e+02	3.8261e-04
1.4670e+02	3.8195e-04
1.4680e+02	3.8130e-04
1.4690e+02	3.8065e-04
1.4700e+02	3.8000e-04
1.4710e+02	3.8000e-04
1.4720e+02	3.8000e-04
1.4730e+02	3.8000e-04
1.4740e+02	3.8000e-04
1.4750e+02	3.8000e-04
1.4760e+02	3.8000e-04
1.4770e+02	3.8000e-04
1.4780e+02	3.8000e-04
1.4790e+02	3.8000e-04
1.4800e+02	3.8000e-04
1.4810e+02	3.8000e-04
1.4820e+02	3.8000e-04
1.4830e+02	3.8000e-04
1.4840e+02	3.8000e-04
1.4850e+02	3.8000e-04
1.4860e+02	3.8000e-04
1.4870e+02	3.8000e-04
1.4880e+02	3.8000e-04
1.4890e+02	3.8000e-04
1.4900e+02	3.8000e-04
1.4910e+02	3.8000e-04
1.4920e+02	3.8000e-04
1.4930e+02	3.8000e-04
1.4940e+02	3.8000e-04
1.4950e+02	3.8000e-04
1.4960e+02	3.8000e-04
1.4970e+02	3.8000e-04
1.4980e+02	3.8000e-04
1.4990e+02	3.8000e-04
1.5000e+02	3.8000e-04
1.5010e+02	3.8000e-04
1.5020e+02	3.8000e-04
1.5030e+02	3.8000e-04
1.5040e+02	3.8000e-04
1.5050e+02	3.8000e-04
1.5060e+02	3.8000e-04
1.5070e+02	3.8000e-04
1.5080e+02	3.8000e-04
1.5090e+02	3.8000e-04
1.5100e+02	3.8000e-04
1.5110e+02	3.8000e-04
1.5120e+02	3.8000e-04
1.5130e+02	3.8000e-04
1.5140e+02	3.8000e-04
1.5150e+02	3.8000e-04
1.5160e+02	3.8000e-04
1.5170e+02	3.8000e-04
1.5180e+02	3.8000e-04
1.5190e+02	3.8000e-04
1.5200e+02	3.8000e-04
1.5210e+02	3.8000e-04
1.5220e+02	3.8000e-04
1.5230e+02	3.8000e-04
1.5240e+02	3.8000e-04
1.5250e+02	3.8000e-04
1.5260e+02	3.8000e-04
1.5270e+02	3.8000e-04
1.5280e+02	3.8000e-04
1.5290e+02	3.8000e-04
1.5300e+02	3.8000e-04
1.5310e+02	3.8000e-04
1.5320e+02	3.8000e-04
1.5330e+02	3.8000e-04
1.5340e+02	3.8000e-04
1.5350e+02	3.8000e-04
1.5360e+02	3.8000e-04
1.5370e+02	3.8000e-04
1.5380e+02	3.8000e-04
1.5390e+02	3.8000e-04
1.5400e+02	3.8000e-04
1.5410e+02	3.8000e-04
1.5420e+02	3.8000e-04
1.5430e+02	3.8000e-04
1.5440e+02	3.8000e-04
1.5450e+02	3.8000e-04
1.5460e+02	3.8000e-04
1.5470e+02	3.8000e-04
1.5480e+02	3.8000e-04
1.5490e+02	3.8000e-04
1.5500e+02	3.8000e-04
1.5510e+02	3.8000e-04
1.5520e+02	3.8000e-04
1.5530e+02	3.8000e-04
1.5540e+02	3.8000e-04
1.5550e+02	3.8000e-04
1.5560e+02	3.8000e-04
1.5570e+02	3.8000e-04
1.5580e+02	3.8000e-04
1.5590e+02	3.8000e-04
1.5600e+02	3.8000e-04
1.5610e+02	3.8000e-04
1.5620e+02	3.8000e-04
1.5630e+02	3.8000e-04
1.5640e+02	3.8000e-04
1.5650e+02	3.8000e-04
1.5660e+02	3.8000e-04
1.5670e+02	3.8000e-04
1.5680e+02	3.8000e-04
1.5690e+02	3.8000e-04
1.5700e+02	3.8000e-04
1.5710e+02	3.8000e-04
1.5720e+02	3.8000e-04
1.5730e+02	3.8000e-04
1.5740e+02	3.8000e-04
1.5750e+02	3.8000e-04
1.5760e+02	3.8000e-04
1.5770e+02	3.8000e-04
1.5780e+02	3.8000e-04
1.5790e+02	3.8000e-04
1.5800e+02	3.8000e-04
1.5810e+02	3.8000e-04
1.5820e+02	3.8000e-04
1.5830e+02	3.8000e-04
1.5840e+02	3.8000e-04
1.5850e+02	3.8000e-04
1.5860e+02	3.8000e-04
1.5870e+02	3.8000e-04
1.5880e+02	3.8000e-04
1.5890e+02	3.8000e-04
1.5900e+02	3.8000e-04
1.5910e+02	3.8000e-04
1.5920e+02	3.8000e-04
1.5930e+02	3.8000e-04
1.5940e+02	3.8000e-04
1.5950e+02	3.8000e-04
1.5960e+02	3.8000e-04
1.5970e+02	3.8000e-04
1.5980e+02	3.8000e-04
1.5990e+02	3.8000e-04
1.6000e+02	3.8000e-04
1.6010e+02	3.8000e-04
1.6020e+02	3.8000e-04
1.6030e+02	3.8000e-04
1.6040e+02	3.8000e-04
1.6050e+02	3.8000e-04
1.6060e+02	3.8000e-04
1.6070e+02	3.8000e-04
1.6080e+02	3.8000e-04
1.6090e+02	3.8000e-04
1.6100e+02	3.8000e-04
1.6110e+02	3.8000e-04
1.6120e+02	3.8000e-04
1.6130e+02	3.8000e-04
1.6140e+02	3.8000e-04
1.6150e+02	3.8000e-04
1.6160e+02	3.8000e-04
1.6170e+02	3.8000e-04
1.6180e+02	3.8000e-04
1.6190e+02	3.8000e-04
1.6200e+02	3.8000e-04
1.6210e+02	3.8000e-04
1.6220e+02	3.8000e-04
1.6230e+02	3.8000e-04
1.6240e+02	3.8000e-04
1.6250e+02	3.8000e-04
1.6260e+02	3.8000e-04
1.6270e+02	3.8000e-04
1.6280e+02	3.8000e-04
1.6290e+02	3.8000e-04
1.6300e+02	3.8000e-04
1.6310e+02	3.8000e-04
1.6320e+02	3.8000e-04
1.6330e+02	3.8000e-04
1.6340e+02	3.8000e-04
1.6350e+02	3.8000e-04
1.6360e+02	3.8000e-04
1.6370e+02	3.8000e-04
1.6380e+02	3.8000e-04
1.6390e+02	3.8000e-04
1.6400e+02	3.8000e-04
1.6410e+02	3.8000e-04
1.6420e+02	3.8000e-04
1.6430e+02	3.8000e-04
1.6440e+02	3.8000e-04
1.6450e+02	3.8000e-04
1.6460e+02	3.8000e-04
1.6470e+02	3.8000e-04
1.6480e+02	3.8000e-04
1.6490e+02	3.8000e-04
1.6500e+02	3.8000e-04
1.6510e+02	3.8000e-04
1.6520e+02	3.8000e-04
1.6530e+02	3.8000e-04
1.6540e+02	3.8000e-04
1.6550e+02	3.8000e-04
1.6560e+02	3.8000e-04
1.6570e+02	3.8000e-04
1.6580e+02	3.8000e-04
1.6590e+02	3.8000e-04
1.6600e+02	3.8000e-04
1.6610e+02	3.8000e-04
1.6620e+02	3.8000e-04
1.6630e+02	3.8000e-04
1.6640e+02	3.8000e-04
1.6650e+02	3.8000e-04
1.6660e+02	3.8000e-04
1.6670e+02	3.8000e-04
1.6680e+02	3.8000e-04
1.6690e+02	3.8000e-04
1.6700e+02	3.8000e-04
1.6710e+02	3.8000e-04
1.6720e+02	3.8000e-04
1.6730e+02	3.8000e-04
1.6740e+02	3.8000e-04
1.6750e+02	3.8000e-04
1.6760e+02	3.8000e-04
1.6770e+02	3.8000e-04
1.6780e+02	3.8000e-04
1.6790e+02	3.8000e-04
1.6800e+02	3.8000e-04
1.6810e+02	3.8000e-04
1.6820e+02	3.8000e-04
1.6830e+02	3.8000e-04
1.6840e+02	3.8000e-04
1.6850e+02	3.8000e-04
1.6860e+02	3.8000e-04
1.6870e+02	3.8000e-04
1.6880e+02	3.8000e-04
1.6890e+02	3.8000e-04
1.6900e+02	3.8000e-04
1.6910e+02	3.8000e-04
1.6920e+02	3.8000e-04
1.6930e+02	3.8000e-04
1.6940e+02	3.8000e-04
1.6950e+02	3.8000e-04
1.6960e+02	3.8000e-04
1.6970e+02	3.8000e-04
1.6980e+02	3.8000e-04
1.6990e+02	3.8000e-04
1.7000e+02	3.8000e-04
1.7010e+02	3.8000e-04
1.7020e+02	3.8000e-04
1.7030e+02	3.8000e-04
1.7040e+02	3.8000e-04
1.7050e+02	3.8000e-04
1.7060e+02	3.8000e-04
1.7070e+02	3.8000e-04
1.7080e+02	3.8000e-04
1.7090e+02	3.8000e-04
1.7100e+02	3.8000e-04
1.7110e+02	3.8000e-04
1.7120e+02	3.8000e-04
1.7130e+02	3.8000e-04
1.7140e+02	3.8000e-04
1.7150e+02	3.8000e-04
1.7160e+02	3.8000e-04
1.7170e+02	3.8000e-04
1.7180e+02	3.8000e-04
1.7190e+02	3.8000e-04
1.7200e+02	3.8000e-04
1.7210e+02	3.8000e-04
1.7220e+02	3.8000e-04
1.7230e+02	3.8000e-04
1.7240e+02	3.8000e-04
1.7250e+02	3.8000e-04
1.7260e+02	3.8000e-04
1.7270e+02	3.8000e-04
1.7280e+02	3.8000e-04
1.7290e+02	3.8000e-04
1.7300e+02	3.8000e-04
1.7310e+02	3.8000e-04
1.7320e+02	3.8000e-04
1.7330e+02	3.8000e-04
1.7340e+02	3.8000e-04
1.7350e+02	3.8000e-04
1.7360e+02	3.8000e-04
1.7370e+02	3.8000e-04
1.7380e+02	3.8000e-04
1.7390e+02	3.8000e-04
1.7400e+02	3.8000e-04
1.7410e+02	3.8000e-04
1.7420e+02	3.8000e-04
1.7430e+02	3.8000e-04
1.7440e+02	3.8000e-04
1.7450e+02	3.8000e-04
1.7460e+02	3.8000e-04
1.7470e+02	3.8000e-04
1.7480e+02	3.8000e-04
1.7490e+02	3.8000e-04
1.7500e+02	3.8000e-04
1.7510e+02	3.8000e-04
1.7520e+02	3.8000e-04
1.7530e+02	3.8000e-04
1.7540e+02	3.8000e-04
1.7550e+02	3.8000e-04
1.7560e+02	3.8000e-04
1.7570e+02	3.8000e-04
1.7580e+02	3.8000e-04
1.7590e+02	3.8000e-04
1.7600e+02	3.8000e-04
1.7610e+02	3.8000e-04
1.7620e+02	3.8000e-04
1.7630e+02	3.8000e-04
1.7640e+02	3.8000e-04
1.7650e+02	3.8000e-04
1.7660e+02	3.8000e-04
1.7670e+02	3.8000e-04
1.7680e+02	3.8000e-04
1.7690e+02	3.8000e-04
1.7700e+02	3.8000e-04
1.7710e+02	3.8000e-04
1.7720e+02	3.8000e-04
1.7730e+02	3.8000e-04
1.7740e+02	3.8000e-04
1.7750e+02	3.8000e-04
1.7760e+02	3.8000e-04
1.7770e+02	3.8000e-04
1.7780e+02	3.8000e-04
1.7790e+02	3.8000e-04
1.7800e+02	3.8000e-04
1.7810e+02	3.8000e-04
1.7820e+02	3.8000e-04
1.7830e+02	3.8000e-04
1.7840e+02	3.8000e-04
1.7850e+02	3.8000e-04
1.7860e+02	3.8000e-04
1.7870e+02	3.8000e-04
1.7880e+02	3.8000e-04
1.7890e+02	3.8000e-04
1.7900e+02	3.8000e-04
1.7910e+02	3.8000e-04
1.7920e+02	3.8000e-04
1.7930e+02	3.8000e-04
1.7940e+02	3.8000e-04
1.7950e+02	3.8000e-04
1.7960e+02	3.8000e-04
1.7970e+02	3.8000e-04
1.7980e+02	3.8000e-04
1.7990e+02	3.8000e-04
1.8000e+02	3.8000e-04
1.8010e+02	3.8000e-04
1.8020e+02	3.8000e-04
1.8030e+02	3.8000e-04
1.8040e+02	3.8000e-04
1.8050e+02	3.8000e-04
1.8060e+02	3.8000e-04
1.8070e+02	3.8000e-04
1.8080e+02	3.8000e-04
1.8090e+02	3.8000e-04
1.8100e+02	3.8000e-04
1.8110e+02	3.8000e-04
1.8120e+02	3.8000e-04
1.8130e+02	3.8000e-04
1.8140e+02	3.8000e-04
1.8150e+02	3.8000e-04
1.8160e+02	3.8000e-04
1.8170e+02	3.8000e-04
1.8180e+02	3.8000e-04
1.8190e+02	3.8000e-04
1.8200e+02	3.8000e-04
1.8210e+02	3.8000e-04
1.8220e+02	3.8000e-04
1.8230e+02	3.8000e-04
1.8240e+02	3.8000e-04
1.8250e+02	3.8000e-04
1.8260e+02	3.8000e-04
1.8270e+02	3.8000e-04
1.8280e+02	3.8000e-04
1.8290e+02	3.8000e-04
1.8300e+02	3.8000e-04
1.8310e+02	3.8000e-04
1.8320e+02	3.8000e-04
1.8330e+02	3.8000e-04
1.8340e+02	3.8000e-04
1.8350e+02	3.8000e-04
1.8360e+02	3.8000e-04
1.8370e+02	3.8000e-04
1.8380e+02	3.8000e-04
1.8390e+02	3.8000e-04
1.8400e+02	3.8000e-04
1.8410e+02	3.8000e-04
1.8420e+02	3.8000e-04
1.8430e+02	3.8000e-04
1.8440e+02	3.8000e-04
1.8450e+02	3.8000e-04
1.8460e+02	3.8000e-04
1.8470e+02	3.8000e-04
1.8480e+02	3.8000e-04
1.8490e+02	3.8000e-04
1.8500e+02	3.8000e-04
1.8510e+02	3.8000e-04
1.8520e+02	3.8000e-04
1.8530e+02	3.8000e-04
1.8540e+02	3.8000e-04
1.8550e+02	3.8000e-04
1.8560e+02	3.8000e-04
1.8570e+02	3.8000e-04
1.8580e+02	3.8000e-04
1.8590e+02	3.8000e-04
1.8600e+02	3.8000e-04
1.8610e+02	3.8000e-04
1.8620e+02	3.8000e-04
1.8630e+02	3.8000e-04
1.8640e+02	3.8000e-04
1.8650e+02	3.8000e-04
1.8660e+02	3.8000e-04
1.8670e+02	3.8000e-04
1.8680e+02	3.8000e-04
1.8690e+02	3.8000e-04
1.8700e+02	3.8000e-04
1.8710e+02	3.8000e-04
1.8720e+02	3.8000e-04
1.8730e+02	3.8000e-04
1.8740e+02	3.8000e-04
1.8750e+02	3.8000e-04
1.8760e+02	3.8000e-04
1.8770e+02	3.8000e-04
1.8780e+02	3.8000e-04
1.8790e+02	3.8000e-04
1.8800e+02	3.8000e-04
1.8810e+02	3.8000e-04
1.8820e+02	3.8000e-04
1.8830e+02	3.8000e-04
1.8840e+02	3.8000e-04
1.8850e+02	3.8000e-04
1.8860e+02	3.8000e-04
1.8870e+02	3.8000e-04
1.8880e+02	3.8000e-04
1.8890e+02	3.8000e-04
1.8900e+02	3.8000e-04
1.8910e+02	3.8000e-04
1.8920e+02	3.8000e-04
1.8930e+02	3.8000e-04
1.8940e+02	3.8000e-04
1.8950e+02	3.8000e-04
1.8960e+02	3.8000e-04
1.8970e+02	3.8000e-04
1.8980e+02	3.8000e-04
1.8990e+02	3.8000e-04
1.9000e+02	3.8000e-04
1.9010e+02	3.8000e-04
1.9020e+02	3.8000e-04
1.9030e+02	3.8000e-04
1.9040e+02	3.8000e-04
1.9050e+02	3.8000e-04
1.9060e+02	3.8000e-04
1.9070e+02	3.8000e-04
1.9080e+02	3.8000e-04
1.9090e+02	3.8000e-04
1.9100e+02	3.8000e-04
1.9110e+02	3.8000e-04
1.9120e+02	3.8000e-04
1.9130e+02	3.8000e-04
1.9140e+02	3.8000e-04
1.9150e+02	3.8000e-04
1.9160e+02	3.8000e-04
1.9170e+02	3.8000e-04
1.9180e+02	3.8000e-04
1.9190e+02	3.8000e-04
1.9200e+02	3.8000e-04
1.9210e+02	3.8000e-04
1.9220e+02	3.8000e-04
1.9230e+02	3.8000e-04
1.9240e+02	3.8000e-04
1.9250e+02	3.8000e-04
1.9260e+02	3.8000e-04
1.9270e+02	3.8000e-04
1.9280e+02	3.8000e-04
1.9290e+02	3.8000e-04
1.9300e+02	3.8000e-04
1.9310e+02	3.8000e-04
1.9320e+02	3.8000e-04
1.9330e+02	3.8000e-04
1.9340e+02	3.8000e-04
1.9350e+02	3.8000e-04
1.9360e+02	3.8000e-04
1.9370e+02	3.8000e-04
1.9380e+02	3.8000e-04
1.9390e+02	3.8000e-04
1.9400e+02	3.8000e-04
1.9410e+02	3.8000e-04
1.9420e+02	3.8000e-04
1.9430e+02	3.8000e-04
1.9440e+02	3.8000e-04
1.9450e+02	3.8000e-04
1.9460e+02	3.8000e-04
1.9470e+02	3.8000e-04
1.9480e+02	3.8000e-04
1.9490e+02	3.8000e-04
1.9500e+02	3.8000e-04
1.9510e+02	3.8000e-04
1.9520e+02	3.8000e-04
1.9530e+02	3.8000e-04
1.9540e+02	3.8000e-04
1.9550e+02	3.8000e-04
1.9560e+02	3.8000e-04
1.9570e+02	3.8000e-04
1.9580e+02	3.8000e-04
1.9590e+02	3.8000e-04
1.9600e+02	3.8000e-04
1.9610e+02	3.8000e-04
1.9620e+02	3.8000e-04
1.9630e+02	3.8000e-04
1.9640e+02	3.8000e-04
1.9650e+02	3.8000e-04
1.9660e+02	3.8000e-04
1.9670e+02	3.8000e-04
1.9680e+02	3.8000e-04
1.9690e+02	3.8000e-04
1.9700e+02	3.8000e-04
1.9710e+02	3.8000e-04
1.9720e+02	3.8000e-04
1.9730e+02	3.8000e-04
1.9740e+02	3.8000e-04
1.9750e+02	3.8000e-04
1.9760e+02	3.8000e-04
1.9770e+02	3.8000e-04
1.9780e+02	3.8000e-04
1.9790e+02	3.8000e-04
1.9800e+02	3.8000e-04
1.9810e+02	3.8000e-04
1.9820e+02	3.8000e-04
1.9830e+02	3.8000e-04
1.9840e+02	3.8000e-04
1.9850e+02	3.8000e-04
1.9860e+02	3.8000e-04
1.9870e+02	3.8000e-04
1.9880e+02	3.8000e-04
1.9890e+02	3.8000e-04
1.9900e+02	3.8000e-04
1.9910e+02	3.8000e-04
1.9920e+02	3.8000e-04
1.9930e+02	3.8000e-04
1.9940e+02	3.8000e-04
1.9950e+02	3.8000e-04
1.9960e+02	3.8000e-04
1.9970e+02	3.8000e-04
1.9980e+02	3.8000e-04
1.9990e+02	3.8000e-04
2.0000e+02	3.8000e-04
2.0010e+02	3.8000e-04
2.0020e+02	3.8000e-04
2.0030e+02	3.8000e-04
2.0040e+02	3.8000e-04
2.0050e+02	3.8000e-04
2.0060e+02	3.8000e-04
2.0070e+02	3.8000e-04
2.0080e+02	3.8000e-04
2.0090e+02	3.8000e-04
2.0100e+02	3.8000e-04
2.0110e+02	3.8000e-04
2.0120e+02	3.8000e-04
2.0130e+02	3.8000e-04
2.0140e+02	3.8000e-04
2.0150e+02	3.8000e-04
2.0160e+02	3.8000e-04
2.0170e+02	3.8000e-04
2.0180e+02	3.8000e-04
2.0190e+02	3.8000e-04
2.0200e+02	3.8000e-04
2.0210e+02	3.8000e-04
2.0220e+02	3.8000e-04
2.0230e+02	3.8000e-04
2.0240e+02	3.8000e-04
2.0250e+02	3.8000e-04
2.0260e+02	3.8000e-04
2.0270e+02	3.8000e-04
2.0280e+02	3.8000e-04
2.0290e+02	3.8000e-04
2.0300e+02	3.8000e-04
2.0310e+02	3.8000e-04
2.0320e+02	3.8000e-04
2.0330e+02	3.8000e-04
2.0340e+02	3.8000e-04
2.0350e+02	3.8000e-04
2.0360e+02	3.8000e-04
2.0370e+02	3.8000e-04
2.0380e+02	3.8000e-04
2.0390e+02	3.8000e-04
2.0400e+02	3.8000e-04
2.0410e+02	3.8000e-04
2.0420e+02	3.8000e-04
2.0430e+02	3.8000e-04
2.0440e+02	3.8000e-04
2.0450e+02	3.8000e-04
2.0460e+02	3.8000e-04
2.0470e+02	3.8000e-04
2.0480e+02	3.8000e-04
2.0490e+02	3.8000e-04
2.0500e+02	3.8000e-04
2.0510e+02	3.8000e-04
2.0520e+02	3.8000e-04
2.0530e+02	3.8000e-04
2.0540e+02	3.8000e-04
2.0550e+02	3.8000e-04
2.0560e+02	3.8000e-04
2.0570e+02	3.8000e-04
2.0580e+02	3.8000e-04
2.0590e+02	3.8000e-04
2.0600e+02	3.8000e-04
2.0610e+02	3.8000e-04
2.0620e+02	3.8000e-04
2.0630e+02	3.8000e-04
2.0640e+02	3.8000e-04
2.0650e+02	3.8000e-04
2.0660e+02	3.8000e-04
2.0670e+02	3.8000e-04
2.0680e+02	3.8000e-04
2.0690e+02	3.8000e-04
2.0700e+02	3.8000e-04
2.0710e+02	3.8000e-04
2.0720e+02	3.8000e-04
2.0730e+02	3.8000e-04
2.0740e+02	3.8000e-04
2.0750e+02	3.8000e-04
2.0760e+02	3.8000e-04
2.0770e+02	3.8000e-04
2.0780e+02	3.8000e-04
2.0790e+02	3.8000e-04
2.0800e+02	3.8000e-04
2.0810e+02	3.8000e-04
2.0820e+02	3.8000e-04
2.0830e+02	3.8000e-04
2.0840e+02	3.8000e-04
2.0850e+02	3.8000e-04
2.0860e+02	3.8000e-04
2.0870e+02	3.8000e-04
2.0880e+02	3.8000e-04
2.0890e+02	3.8000e-04
2.0900e+02	3.8000e-04
2.0910e+02	3.8000e-04
2.0920e+02	3.8000e-04
2.0930e+02	3.8000e-04
2.0940e+02	3.8000e-04
2.0950e+02	3.8000e-04
2.0960e+02	3.8000e-04
2.0970e+02	3.8000e-04
2.0980e+02	3.8000e-04
2.0990e+02	3.8000e-04
2.1000e+02	3.8000e-04
2.1010e+02	3.8000e-04
2.1020e+02	3.8000e-04
2.1030e+02	3.8000e-04
2.1040e+02	3.8000e-04
2.1050e+02	3.8000e-04
2.1060e+02	3.8000e-04
2.1070e+02	3.8000e-04
2.1080e+02	3.8000e-04
2.1090e+02	3.8000e-04
2.1100e+02	3.8000e-04
2.1110e+02	3.8000e-04
2.1120e+02	3.8000e-04
2.1130e+02	3.8000e-04
2.1140e+02	3.8000e-04
2.1150e+02	3.8000e-04
2.1160e+02	3.8000e-04
2.1170e+02	3.8000e-04
2.1180e+02	3.8000e-04
2.1190e+02	3.8000e-04
2.1200e+02	3.8000e-04
2.1210e+02	3.8000e-04
2.1220e+02	3.8000e-04
2.1230e+02	3.8000e-04
2.1240e+02	3.8000e-04
2.1250e+02	3.8000e-04
2.1260e+02	3.8000e-04
2.1270e+02	3.8000e-04
2.1280e+02	3.8000e-04
2.1290e+02	3.8000e-04
2.1300e+02	3.8000e-04
2.1310e+02	3.8000e-04
2.1320e+02	3.8000e-04
2.1330e+02	3.8000e-04
2.1340e+02	3.8000e-04
2.1350e+02	3.8000e-04
2.1360e+02	3.8000e-04
2.1370e+02	3.8000e-04
2.1380e+02	3.8000e-04
2.1390e+02	3.8000e-04
2.1400e+02	3.8000e-04
2.1410e+02	3.8000e-04
2.1420e+02	3.8000e-04
2.1430e+02	3.8000e-04
2.1440e+02	3.8000e-04
2.1450e+02	3.8000e-04
2.1460e+02	3.8000e-04
2.1470e+02	3.8000e-04
2.1480e+02	3.8000e-04
2.1490e+02	3.8000e-04
2.1500e+02	3.8000e-04
2.1510e+02	3.8000e-04
2.1520e+02	3.8000e-04
2.1530e+02	3.8000e-04
2.1540e+02	3.8000e-04
2.1550e+02	3.8000e-04
2.1560e+02	3.8000e-04
2.1570e+02	3.8000e-04
2.1580e+02	3.8000e-04
2.1590e+02	3.8000e-04
2.1600e+02	3.8000e-04
2.1610e+02	3.8000e-04
2.1620e+02	3.8000e-04
2.1630e+02	3.8000e-04
2.1640e+02	3.8000e-04
2.1650e+02	3.8000e-04
2.1660e+02	3.8000e-04
2.1670e+02	3.8000e-04
2.1680e+02	3.8000e-04
2.1690e+02	3.8000e-04
2.1700e+02	3.8000e-04
2.1710e+02	3.8000e-04
2.1720e+02	3.8000e-04
2.1730e+02	3.8000e-04
2.1740e+02	3.8000e-04
2.1750e+02	3.8000e-04
2.1760e+02	3.8000e-04
2.1770e+02	3.8000e-04
2.1780e+02	3.8000e-04
2.1790e+02	3.8000e-04
2.1800e+02	3.8000e-04
2.1810e+02	3.8000e-04
2.1820e+02	3.8000e-04
2.1830e+02	3.8000e-04
2.1840e+02	3.8000e-04
2.1850e+02	3.8000e-04
2.1860e+02	3.8000e-04
2.1870e+02	3.8000e-04
2.1880e+02	3.8000e-04
2.1890e+02	3.8000e-04
2.1900e+02	3.8000e-04
2.1910e+02	3.8000e-04
2.1920e+02	3.8000e-04
2.1930e+02	3.8000e-04
2.1940e+02	3.8000e-04
2.1950e+02	3.8000e-04
2.1960e+02	3.8000e-04
2.1970e+02	3.8000e-04
2.1980e+02	3.8000e-04
2.1990e+02	3.8000e-04
2.2000e+02	3.8000e-04
2.2010e+02	3.8000e-04
2.2020e+02	3.8000e-04
2.2030e+02	3.8000e-04
2.2040e+02	3.8000e-04
2.2050e+02	3.8000e-04
2.2060e+02	3.8000e-04
2.2070e+02	3.8000e-04
2.2080e+02	3.8000e-04
2.2090e+02	3.8000e-04
2.2100e+02	3.8000e-04
2.2110e+02	3.8000e-04
2.2120e+02	3.8000e-04
2.2130e+02	3.8000e-04
2.2140e+02	3.8000e-04
2.2150e+02	3.8000e-04
2.2160e+02	3.8000e-04
2.2170e+02	3.8000e-04
2.2180e+02	3.8000e-04
2.2190e+02	3.8000e-04
2.2200e+02	3.8000e-04
2.2210e+02	3.8000e-04
2.2220e+02	3.8000e-04
2.2230e+02	3.8000e-04
2.2240e+02	3.8000e-04
2.2250e+02	3.8000e-04
2.2260e+02	3.8000e-04
2.2270e+02	3.8000e-04
2.2280e+02	3.8000e-04
2.2290e+02	3.8000e-04
2.2300e+02	3.8000e-04
2.2310e+02	3.8000e-04
2.2320e+02	3.8000e-04
2.2330e+02	3.8000e-04
2.2340e+02	3.8000e-04
2.2350e+02	3.8000e-04
2.2360e+02	3.8000e-04
2.2370e+02	3.8000e-04
2.2380e+02	3.8000e-04
2.2390e+02	3.8000e-04
2.2400e+02	3.8000e-04
2.2410e+02	3.8000e-04
2.2420e+02	3.8000e-04
2.2430e+02	3.8000e-04
2.2440e+02	3.8000e-04
2.2450e+02	3.8000e-04
2.2460e+02	3.8000e-04
2.2470e+02	3.8000e-04
2.2480e+02	3.8000e-04
2.2490e+02	3.8000e-04
2.2500e+02	3.8000e-04
2.2510e+02	3.8000e-04
2.2520e+02	3.8000e-04
