0.0000e+00	1.4320e-07
2.4414e+00	7.1437e-08
4.8828e+00	8.6935e-11
7.3242e+00	7.3022e-11
9.7656e+00	9.1608e-11
1.2207e+01	8.6881e-11
1.4648e+01	8.2652e-11
1.7090e+01	9.6021e-11
1.9531e+01	8.3444e-11
2.1973e+01	9.6843e-11
2.4414e+01	1.2576e-10
2.6855e+01	1.0497e-10
2.9297e+01	1.3481e-10
3.1738e+01	1.0767e-10
3.4180e+01	9.0907e-11
3.6621e+01	1.0289e-10
3.9062e+01	1.0234e-10
4.1504e+01	1.2714e-10
4.3945e+01	1.3571e-10
4.6387e+01	1.3120e-10
4.8828e+01	1.3822e-10
5.1270e+01	1.0301e-10
5.3711e+01	5.9359e-11
5.6152e+01	8.6280e-11
5.8594e+01	9.0139e-11
6.1035e+01	9.7524e-11
6.3477e+01	1.2207e-10
6.5918e+01	9.5319e-11
6.8359e+01	9.8383e-11
7.0801e+01	8.6177e-11
7.3242e+01	8.5374e-11
7.5684e+01	9.4704e-11
7.8125e+01	1.0309e-10
8.0566e+01	8.4336e-11
8.3008e+01	9.8031e-11
8.5449e+01	9.3840e-11
8.7891e+01	1.1680e-10
9.0332e+01	1.0490e-10
9.2773e+01	1.0657e-10
9.5215e+01	1.1369e-10
9.7656e+01	1.0795e-10
1.0010e+02	1.0253e-10
1.0254e+02	8.8656e-11
1.0498e+02	8.1929e-11
1.0742e+02	1.1177e-10
1.0986e+02	9.9124e-11
1.1230e+02	1.0714e-10
1.1475e+02	1.2553e-10
1.1719e+02	1.6229e-10
1.1963e+02	1.5571e-10
1.2207e+02	2.4771e-10
1.2451e+02	3.5926e-10
1.2695e+02	9.4864e-10
1.2939e+02	2.3533e-09
1.3184e+02	1.1654e-08
1.3428e+02	9.5167e-08
1.3672e+02	2.6502e-05
1.3916e+02	2.5558e-04
1.4160e+02	4.1547e-04
1.4404e+02	2.9355e-04
1.4648e+02	3.2623e-04
1.4893e+02	3.4961e-04
1.5137e+02	4.2950e-04
1.5381e+02	4.5249e-04
1.5625e+02	3.5309e-04
1.5869e+02	3.5026e-04
1.6113e+02	3.8004e-04
1.6357e+02	3.7275e-04
1.6602e+02	3.3506e-04
1.6846e+02	2.8841e-04
1.7090e+02	3.6060e-04
1.7334e+02	3.6368e-04
1.7578e+02	3.8473e-04
1.7822e+02	3.5527e-04
1.8066e+02	2.8543e-04
1.8311e+02	3.0523e-04
1.8555e+02	4.2731e-04
1.8799e+02	4.5664e-04
1.9043e+02	3.7549e-04
1.9287e+02	3.4412e-04
1.9531e+02	3.1446e-04
1.9775e+02	3.8946e-04
2.0020e+02	3.3573e-04
2.0264e+02	3.7238e-04
2.0508e+02	4.0887e-04
2.0752e+02	4.0339e-04
2.0996e+02	4.1781e-04
2.1240e+02	4.5298e-04
2.1484e+02	3.9638e-04
2.1729e+02	4.1874e-04
2.1973e+02	3.9448e-04
2.2217e+02	4.2606e-04
2.2461e+02	4.1460e-04
2.2705e+02	3.6020e-04
2.2949e+02	3.6719e-04
2.3193e+02	3.7695e-04
2.3438e+02	3.8410e-04
2.3682e+02	4.4284e-04
2.3926e+02	3.8221e-04
2.4170e+02	4.9417e-04
2.4414e+02	5.2823e-04
2.4658e+02	4.6019e-04
2.4902e+02	3.8762e-04
2.5146e+02	4.2166e-04
2.5391e+02	4.0592e-04
2.5635e+02	3.6204e-04
2.5879e+02	3.4799e-04
2.6123e+02	3.0014e-04
2.6367e+02	4.0921e-04
2.6611e+02	4.1355e-04
2.6855e+02	3.7911e-04
2.7100e+02	3.7882e-04
2.7344e+02	3.4604e-04
2.7588e+02	2.9065e-04
2.7832e+02	3.6421e-04
2.8076e+02	4.2643e-04
2.8320e+02	4.0752e-04
2.8564e+02	3.3654e-04
2.8809e+02	3.1675e-04
2.9053e+02	2.8070e-04
2.9297e+02	3.1614e-04
2.9541e+02	4.6927e-04
2.9785e+02	4.8089e-04
3.0029e+02	3.8363e-04
3.0273e+02	4.0581e-04
3.0518e+02	4.3040e-04
3.0762e+02	3.1238e-04
3.1006e+02	2.5178e-04
3.1250e+02	3.1654e-04
3.1494e+02	3.2323e-04
3.1738e+02	3.9306e-04
3.1982e+02	3.7580e-04
3.2227e+02	4.2243e-04
3.2471e+02	4.2564e-04
3.2715e+02	3.6774e-04
3.2959e+02	4.2248e-04
3.3203e+02	2.9263e-04
3.3447e+02	3.1815e-04
3.3691e+02	4.1331e-04
3.3936e+02	3.5889e-04
3.4180e+02	3.8801e-04
3.4424e+02	3.7811e-04
3.4668e+02	4.0554e-04
3.4912e+02	3.3054e-04
3.5156e+02	2.9661e-04
3.5400e+02	2.9985e-04
3.5645e+02	3.3916e-04
3.5889e+02	3.9984e-04
3.6133e+02	3.1929e-04
3.6377e+02	3.5354e-04
3.6621e+02	3.1646e-04
3.6865e+02	3.2594e-04
3.7109e+02	2.8561e-04
3.7354e+02	2.1047e-04
3.7598e+02	3.2316e-04
3.7842e+02	3.9354e-04
3.8086e+02	3.2117e-04
3.8330e+02	2.8300e-04
3.8574e+02	3.3236e-04
3.8818e+02	3.2975e-04
3.9062e+02	3.5606e-04
3.9307e+02	3.8177e-04
3.9551e+02	3.2306e-04
3.9795e+02	3.4429e-04
4.0039e+02	3.2164e-04
4.0283e+02	3.2393e-04
4.0527e+02	3.4474e-04
4.0771e+02	2.4567e-04
4.1016e+02	2.6812e-04
4.1260e+02	2.5495e-04
4.1504e+02	3.1489e-04
4.1748e+02	3.2018e-04
4.1992e+02	2.8271e-04
4.2236e+02	3.2830e-04
4.2480e+02	2.9017e-04
4.2725e+02	2.3937e-04
4.2969e+02	2.1924e-04
4.3213e+02	1.8065e-04
4.3457e+02	2.0153e-04
4.3701e+02	2.3897e-04
4.3945e+02	2.6885e-04
4.4189e+02	2.0231e-04
4.4434e+02	2.2486e-04
4.4678e+02	2.1331e-04
4.4922e+02	2.3456e-04
4.5166e+02	2.0683e-04
4.5410e+02	2.1637e-04
4.5654e+02	2.1724e-04
4.5898e+02	1.8247e-04
4.6143e+02	2.0364e-04
4.6387e+02	2.3311e-04
4.6631e+02	2.3177e-04
4.6875e+02	2.4274e-04
4.7119e+02	2.0786e-04
4.7363e+02	1.7741e-04
4.7607e+02	1.3650e-04
4.7852e+02	1.5227e-04
4.8096e+02	1.3714e-04
4.8340e+02	1.7083e-04
4.8584e+02	1.7631e-04
4.8828e+02	1.3255e-04
4.9072e+02	1.3108e-04
4.9316e+02	1.8282e-04
4.9561e+02	1.4072e-04
4.9805e+02	1.5510e-04
5.0049e+02	1.9193e-04
5.0293e+02	1.5220e-04
5.0537e+02	1.4147e-04
5.0781e+02	1.3388e-04
5.1025e+02	1.2040e-04
5.1270e+02	1.2083e-04
5.1514e+02	1.2456e-04
5.1758e+02	1.3362e-04
5.2002e+02	1.2382e-04
5.2246e+02	1.3565e-04
5.2490e+02	1.3140e-04
5.2734e+02	1.3596e-04
5.2979e+02	1.4461e-04
5.3223e+02	1.3442e-04
5.3467e+02	1.2320e-04
5.3711e+02	1.3280e-04
5.3955e+02	1.3719e-04
5.4199e+02	1.0062e-04
5.4443e+02	1.0062e-04
5.4688e+02	1.0999e-04
5.4932e+02	1.0938e-04
5.5176e+02	9.3352e-05
5.5420e+02	9.3665e-05
5.5664e+02	1.0607e-04
5.5908e+02	1.3561e-04
5.6152e+02	1.3065e-04
5.6396e+02	7.3806e-05
5.6641e+02	9.9533e-05
5.6885e+02	1.0058e-04
5.7129e+02	8.0760e-05
5.7373e+02	8.8793e-05
5.7617e+02	8.5449e-05
5.7861e+02	9.1515e-05
5.8105e+02	8.4255e-05
5.8350e+02	8.3176e-05
5.8594e+02	8.3503e-05
5.8838e+02	9.5718e-05
5.9082e+02	9.4814e-05
5.9326e+02	7.0563e-05
5.9570e+02	7.7290e-05
5.9814e+02	7.7344e-05
6.0059e+02	7.5399e-05
6.0303e+02	8.3669e-05
6.0547e+02	1.0185e-04
6.0791e+02	8.0428e-05
6.1035e+02	1.0656e-04
6.1279e+02	1.2663e-04
6.1523e+02	1.1327e-04
6.1768e+02	8.6834e-05
6.2012e+02	8.1157e-05
6.2256e+02	7.3843e-05
6.2500e+02	8.7282e-05
6.2744e+02	8.4070e-05
6.2988e+02	8.8753e-05
6.3232e+02	8.2187e-05
6.3477e+02	7.6205e-05
6.3721e+02	7.0934e-05
6.3965e+02	7.6143e-05
6.4209e+02	6.9019e-05
6.4453e+02	7.5546e-05
6.4697e+02	1.0023e-04
6.4941e+02	9.1455e-05
6.5186e+02	8.2683e-05
6.5430e+02	8.8073e-05
6.5674e+02	8.6352e-05
6.5918e+02	9.1100e-05
6.6162e+02	1.0046e-04
6.6406e+02	1.1445e-04
6.6650e+02	1.0016e-04
6.6895e+02	8.0389e-05
6.7139e+02	6.1594e-05
6.7383e+02	7.6140e-05
6.7627e+02	6.9942e-05
6.7871e+02	5.9028e-05
6.8115e+02	5.8617e-05
6.8359e+02	8.2452e-05
6.8604e+02	1.0206e-04
6.8848e+02	7.8537e-05
6.9092e+02	7.5019e-05
6.9336e+02	8.5036e-05
6.9580e+02	7.6318e-05
6.9824e+02	8.7095e-05
7.0068e+02	6.7263e-05
7.0312e+02	6.3682e-05
7.0557e+02	6.1768e-05
7.0801e+02	8.2767e-05
7.1045e+02	8.8683e-05
7.1289e+02	9.5442e-05
7.1533e+02	8.7733e-05
7.1777e+02	7.2532e-05
7.2021e+02	6.4977e-05
7.2266e+02	8.0187e-05
7.2510e+02	7.2124e-05
7.2754e+02	8.9444e-05
7.2998e+02	8.7969e-05
7.3242e+02	6.2730e-05
7.3486e+02	5.9540e-05
7.3730e+02	6.4650e-05
7.3975e+02	6.1395e-05
7.4219e+02	8.7707e-05
7.4463e+02	8.5359e-05
7.4707e+02	1.0459e-04
7.4951e+02	7.9360e-05
7.5195e+02	7.2243e-05
7.5439e+02	7.1802e-05
7.5684e+02	6.9372e-05
7.5928e+02	9.1277e-05
7.6172e+02	7.9263e-05
7.6416e+02	7.6941e-05
7.6660e+02	8.3770e-05
7.6904e+02	8.2677e-05
7.7148e+02	8.3604e-05
7.7393e+02	9.4880e-05
7.7637e+02	8.8307e-05
7.7881e+02	7.1355e-05
7.8125e+02	7.5353e-05
7.8369e+02	7.2736e-05
7.8613e+02	6.8118e-05
7.8857e+02	7.8897e-05
7.9102e+02	9.3644e-05
7.9346e+02	8.1597e-05
7.9590e+02	8.4669e-05
7.9834e+02	8.0472e-05
8.0078e+02	8.1847e-05
8.0322e+02	8.2318e-05
8.0566e+02	8.5061e-05
8.0811e+02	6.5384e-05
8.1055e+02	8.3082e-05
8.1299e+02	8.4949e-05
8.1543e+02	7.1537e-05
8.1787e+02	8.8074e-05
8.2031e+02	8.3538e-05
8.2275e+02	7.8458e-05
8.2520e+02	8.1991e-05
8.2764e+02	8.3309e-05
8.3008e+02	9.0234e-05
8.3252e+02	9.3264e-05
8.3496e+02	1.1374e-04
8.3740e+02	8.2125e-05
8.3984e+02	6.2771e-05
8.4229e+02	8.3539e-05
8.4473e+02	8.0483e-05
8.4717e+02	6.7170e-05
8.4961e+02	6.4012e-05
8.5205e+02	7.9640e-05
8.5449e+02	7.6734e-05
8.5693e+02	9.9098e-05
8.5938e+02	1.1654e-04
8.6182e+02	1.0470e-04
8.6426e+02	7.5919e-05
8.6670e+02	7.5231e-05
8.6914e+02	8.3522e-05
8.7158e+02	7.5754e-05
8.7402e+02	9.2559e-05
8.7646e+02	9.3889e-05
8.7891e+02	7.0062e-05
8.8135e+02	5.7983e-05
8.8379e+02	6.1230e-05
8.8623e+02	8.1388e-05
8.8867e+02	9.0392e-05
8.9111e+02	9.5975e-05
8.9355e+02	9.1195e-05
8.9600e+02	6.8591e-05
8.9844e+02	7.2293e-05
9.0088e+02	8.4405e-05
9.0332e+02	8.0591e-05
9.0576e+02	7.8545e-05
9.0820e+02	8.4213e-05
9.1064e+02	8.4710e-05
9.1309e+02	9.1317e-05
9.1553e+02	8.6815e-05
9.1797e+02	8.7022e-05
9.2041e+02	8.7881e-05
9.2285e+02	8.9023e-05
9.2529e+02	8.1023e-05
9.2773e+02	8.0119e-05
9.3018e+02	9.0194e-05
9.3262e+02	8.1174e-05
9.3506e+02	9.5964e-05
9.3750e+02	1.0580e-04
9.3994e+02	8.4860e-05
9.4238e+02	8.0585e-05
9.4482e+02	6.6520e-05
9.4727e+02	5.4249e-05
9.4971e+02	6.5234e-05
9.5215e+02	7.8907e-05
9.5459e+02	9.4493e-05
9.5703e+02	1.0358e-04
9.5947e+02	8.3859e-05
9.6191e+02	7.1706e-05
9.6436e+02	6.4894e-05
9.6680e+02	7.7110e-05
9.6924e+02	6.6532e-05
9.7168e+02	7.4904e-05
9.7412e+02	1.0722e-04
9.7656e+02	1.0176e-04
9.7900e+02	7.3177e-05
9.8145e+02	7.2574e-05
9.8389e+02	7.1311e-05
9.8633e+02	7.6844e-05
9.8877e+02	7.9446e-05
9.9121e+02	9.9507e-05
9.9365e+02	9.3766e-05
9.9609e+02	7.3300e-05
9.9854e+02	5.9971e-05
1.0010e+03	2.1046e-05
1.0034e+03	3.8735e-07
1.0059e+03	1.1103e-08
1.0083e+03	1.6058e-09
1.0107e+03	4.7337e-10
1.0132e+03	2.8614e-10
1.0156e+03	1.3013e-10
1.0181e+03	1.1388e-10
1.0205e+03	1.0610e-10
1.0229e+03	7.4392e-11
1.0254e+03	1.0053e-10
1.0278e+03	1.0108e-10
1.0303e+03	8.8973e-11
1.0327e+03	7.5439e-11
1.0352e+03	1.0414e-10
1.0376e+03	1.2028e-10
1.0400e+03	1.1398e-10
1.0425e+03	9.4923e-11
1.0449e+03	9.2650e-11
1.0474e+03	9.5097e-11
1.0498e+03	8.6322e-11
1.0522e+03	8.9778e-11
1.0547e+03	9.8584e-11
1.0571e+03	1.0779e-10
1.0596e+03	9.1404e-11
1.0620e+03	1.0209e-10
1.0645e+03	1.1337e-10
1.0669e+03	1.3224e-10
1.0693e+03	1.1596e-10
1.0718e+03	1.0653e-10
1.0742e+03	1.0839e-10
1.0767e+03	9.3911e-11
1.0791e+03	1.0482e-10
1.0815e+03	1.0237e-10
1.0840e+03	1.1684e-10
1.0864e+03	1.2188e-10
1.0889e+03	1.0391e-10
1.0913e+03	9.4599e-11
1.0938e+03	1.1460e-10
1.0962e+03	1.0698e-10
1.0986e+03	7.9184e-11
1.1011e+03	7.5417e-11
1.1035e+03	8.4680e-11
1.1060e+03	1.0372e-10
1.1084e+03	1.0469e-10
1.1108e+03	1.0078e-10
1.1133e+03	9.8643e-11
1.1157e+03	9.4031e-11
1.1182e+03	7.8108e-11
1.1206e+03	9.9520e-11
1.1230e+03	1.0928e-10
1.1255e+03	9.2124e-11
1.1279e+03	1.1121e-10
1.1304e+03	1.1054e-10
1.1328e+03	1.0617e-10
1.1353e+03	9.2211e-11
1.1377e+03	9.6772e-11
1.1401e+03	9.5512e-11
1.1426e+03	1.1552e-10
1.1450e+03	1.1914e-10
1.1475e+03	1.1538e-10
1.1499e+03	1.1823e-10
1.1523e+03	9.4339e-11
1.1548e+03	7.8451e-11
1.1572e+03	9.7909e-11
1.1597e+03	1.0968e-10
1.1621e+03	8.3598e-11
1.1646e+03	1.0158e-10
1.1670e+03	7.7894e-11
1.1694e+03	8.2632e-11
1.1719e+03	1.1522e-10
1.1743e+03	1.1204e-10
1.1768e+03	1.1384e-10
1.1792e+03	9.1143e-11
1.1816e+03	9.3939e-11
1.1841e+03	1.0230e-10
1.1865e+03	8.2501e-11
1.1890e+03	7.3609e-11
1.1914e+03	8.3944e-11
1.1938e+03	1.1691e-10
1.1963e+03	1.0693e-10
1.1987e+03	8.8952e-11
1.2012e+03	1.2089e-10
1.2036e+03	1.0294e-10
1.2061e+03	1.0380e-10
1.2085e+03	1.1737e-10
1.2109e+03	1.2203e-10
1.2134e+03	1.0561e-10
1.2158e+03	1.0512e-10
1.2183e+03	1.0456e-10
1.2207e+03	1.3200e-10
1.2231e+03	1.0437e-10
1.2256e+03	9.6210e-11
1.2280e+03	9.6420e-11
1.2305e+03	1.2254e-10
1.2329e+03	9.9564e-11
1.2354e+03	8.0390e-11
1.2378e+03	6.8022e-11
1.2402e+03	9.6492e-11
1.2427e+03	1.0314e-10
1.2451e+03	8.3659e-11
1.2476e+03	9.0094e-11
1.2500e+03	9.9661e-11
1.2524e+03	1.0356e-10
1.2549e+03	1.0476e-10
1.2573e+03	6.7365e-11
1.2598e+03	9.0857e-11
1.2622e+03	1.0407e-10
1.2646e+03	8.3066e-11
1.2671e+03	8.3033e-11
1.2695e+03	8.4637e-11
1.2720e+03	8.5632e-11
1.2744e+03	1.0128e-10
1.2769e+03	1.1851e-10
1.2793e+03	1.1283e-10
1.2817e+03	1.2412e-10
1.2842e+03	1.0897e-10
1.2866e+03	9.6328e-11
1.2891e+03	1.0375e-10
1.2915e+03	1.2734e-10
1.2939e+03	1.4007e-10
1.2964e+03	1.1211e-10
1.2988e+03	9.9534e-11
1.3013e+03	9.8862e-11
1.3037e+03	9.1624e-11
1.3062e+03	8.6420e-11
1.3086e+03	7.8363e-11
1.3110e+03	9.3119e-11
1.3135e+03	1.2806e-10
1.3159e+03	1.3557e-10
1.3184e+03	1.0597e-10
1.3208e+03	9.1505e-11
1.3232e+03	1.1606e-10
1.3257e+03	1.0520e-10
1.3281e+03	7.3547e-11
1.3306e+03	8.5722e-11
1.3330e+03	1.0948e-10
1.3354e+03	1.0685e-10
1.3379e+03	8.8269e-11
1.3403e+03	9.7942e-11
1.3428e+03	1.1310e-10
1.3452e+03	9.7061e-11
1.3477e+03	9.7511e-11
1.3501e+03	8.5746e-11
1.3525e+03	8.7183e-11
1.3550e+03	6.5501e-11
1.3574e+03	7.0559e-11
1.3599e+03	8.5298e-11
1.3623e+03	9.3296e-11
1.3647e+03	9.4011e-11
1.3672e+03	9.7671e-11
1.3696e+03	7.8972e-11
1.3721e+03	8.7021e-11
1.3745e+03	1.1616e-10
1.3770e+03	9.4525e-11
1.3794e+03	1.1151e-10
1.3818e+03	1.2142e-10
1.3843e+03	1.2100e-10
1.3867e+03	1.0672e-10
1.3892e+03	9.0932e-11
1.3916e+03	6.5220e-11
1.3940e+03	7.9674e-11
1.3965e+03	1.0062e-10
1.3989e+03	9.9056e-11
1.4014e+03	1.1004e-10
1.4038e+03	1.1169e-10
1.4062e+03	9.8188e-11
1.4087e+03	8.4521e-11
1.4111e+03	7.1943e-11
1.4136e+03	7.9811e-11
1.4160e+03	1.0449e-10
1.4185e+03	1.0222e-10
1.4209e+03	9.9280e-11
1.4233e+03	1.1965e-10
1.4258e+03	9.2579e-11
1.4282e+03	6.5099e-11
1.4307e+03	7.8507e-11
1.4331e+03	9.8594e-11
1.4355e+03	9.2242e-11
1.4380e+03	8.7517e-11
1.4404e+03	9.1702e-11
1.4429e+03	9.0481e-11
1.4453e+03	1.1682e-10
1.4478e+03	1.0840e-10
1.4502e+03	9.7855e-11
1.4526e+03	1.1363e-10
1.4551e+03	1.1770e-10
1.4575e+03	1.1155e-10
1.4600e+03	1.0382e-10
1.4624e+03	6.9400e-11
1.4648e+03	6.0121e-11
1.4673e+03	1.0382e-10
1.4697e+03	8.8824e-11
1.4722e+03	7.9179e-11
1.4746e+03	1.2159e-10
1.4771e+03	1.1074e-10
1.4795e+03	1.0854e-10
1.4819e+03	1.1684e-10
1.4844e+03	9.6326e-11
1.4868e+03	8.6274e-11
1.4893e+03	8.6597e-11
1.4917e+03	1.0855e-10
1.4941e+03	1.2245e-10
1.4966e+03	1.2212e-10
1.4990e+03	9.9202e-11
1.5015e+03	1.0105e-10
1.5039e+03	1.1525e-10
1.5063e+03	1.0737e-10
1.5088e+03	8.9900e-11
1.5112e+03	9.8718e-11
1.5137e+03	1.1393e-10
1.5161e+03	9.4176e-11
1.5186e+03	1.2567e-10
1.5210e+03	1.0471e-10
1.5234e+03	9.5735e-11
1.5259e+03	1.1549e-10
1.5283e+03	1.5425e-10
1.5308e+03	1.5137e-10
1.5332e+03	1.3627e-10
1.5356e+03	1.2842e-10
1.5381e+03	1.2162e-10
1.5405e+03	1.0339e-10
1.5430e+03	9.0089e-11
1.5454e+03	9.1839e-11
1.5479e+03	1.0512e-10
1.5503e+03	1.0902e-10
1.5527e+03	8.8298e-11
1.5552e+03	8.9399e-11
1.5576e+03	1.1336e-10
1.5601e+03	1.2636e-10
1.5625e+03	1.0470e-10
1.5649e+03	9.5962e-11
1.5674e+03	8.8406e-11
1.5698e+03	8.9775e-11
1.5723e+03	7.4061e-11
1.5747e+03	1.0050e-10
1.5771e+03	1.2172e-10
1.5796e+03	1.0007e-10
1.5820e+03	1.0234e-10
1.5845e+03	1.0415e-10
1.5869e+03	1.0689e-10
1.5894e+03	1.1186e-10
1.5918e+03	1.1485e-10
1.5942e+03	1.0491e-10
1.5967e+03	1.0285e-10
1.5991e+03	1.0056e-10
1.6016e+03	1.1940e-10
1.6040e+03	1.0836e-10
1.6064e+03	1.0517e-10
1.6089e+03	9.8771e-11
1.6113e+03	1.1233e-10
1.6138e+03	9.8781e-11
1.6162e+03	1.0213e-10
1.6187e+03	1.1581e-10
1.6211e+03	1.3460e-10
1.6235e+03	1.1524e-10
1.6260e+03	9.5999e-11
1.6284e+03	1.0454e-10
1.6309e+03	9.2325e-11
1.6333e+03	9.8479e-11
1.6357e+03	9.7593e-11
1.6382e+03	1.0284e-10
1.6406e+03	1.0940e-10
1.6431e+03	1.0418e-10
1.6455e+03	8.7859e-11
1.6479e+03	1.1623e-10
1.6504e+03	1.4418e-10
1.6528e+03	1.2079e-10
1.6553e+03	1.0909e-10
1.6577e+03	9.6116e-11
1.6602e+03	1.2874e-10
1.6626e+03	1.2331e-10
1.6650e+03	1.0783e-10
1.6675e+03	9.8146e-11
1.6699e+03	1.0623e-10
1.6724e+03	1.0451e-10
1.6748e+03	1.3052e-10
1.6772e+03	1.2355e-10
1.6797e+03	1.0640e-10
1.6821e+03	1.0085e-10
1.6846e+03	1.1905e-10
1.6870e+03	1.0404e-10
1.6895e+03	1.0414e-10
1.6919e+03	1.0037e-10
1.6943e+03	9.4616e-11
1.6968e+03	1.0537e-10
1.6992e+03	9.5515e-11
1.7017e+03	8.2566e-11
1.7041e+03	9.0169e-11
1.7065e+03	1.1019e-10
1.7090e+03	1.1364e-10
1.7114e+03	1.0576e-10
1.7139e+03	9.4097e-11
1.7163e+03	1.2552e-10
1.7188e+03	1.0808e-10
1.7212e+03	8.2570e-11
1.7236e+03	8.7839e-11
1.7261e+03	9.8673e-11
1.7285e+03	8.7973e-11
1.7310e+03	9.6217e-11
1.7334e+03	9.7677e-11
1.7358e+03	1.0353e-10
1.7383e+03	9.6319e-11
1.7407e+03	1.0692e-10
1.7432e+03	1.4056e-10
1.7456e+03	1.2959e-10
1.7480e+03	1.2590e-10
1.7505e+03	1.0478e-10
1.7529e+03	1.0667e-10
1.7554e+03	9.3178e-11
1.7578e+03	8.9519e-11
1.7603e+03	9.1658e-11
1.7627e+03	7.9108e-11
1.7651e+03	8.2146e-11
1.7676e+03	9.7672e-11
1.7700e+03	1.1803e-10
1.7725e+03	1.2261e-10
1.7749e+03	1.2879e-10
1.7773e+03	1.0897e-10
1.7798e+03	8.5305e-11
1.7822e+03	9.9679e-11
1.7847e+03	1.1395e-10
1.7871e+03	9.5182e-11
1.7896e+03	1.0843e-10
1.7920e+03	1.2199e-10
1.7944e+03	1.3371e-10
1.7969e+03	1.1710e-10
1.7993e+03	1.3348e-10
1.8018e+03	1.0070e-10
1.8042e+03	1.1273e-10
1.8066e+03	9.6644e-11
1.8091e+03	9.9712e-11
1.8115e+03	9.4973e-11
1.8140e+03	1.0021e-10
1.8164e+03	1.2021e-10
1.8188e+03	1.0039e-10
1.8213e+03	1.2357e-10
1.8237e+03	1.0497e-10
1.8262e+03	1.1501e-10
1.8286e+03	1.2769e-10
1.8311e+03	1.3062e-10
1.8335e+03	9.1589e-11
1.8359e+03	7.6318e-11
1.8384e+03	7.1267e-11
1.8408e+03	9.7920e-11
1.8433e+03	1.3424e-10
1.8457e+03	1.2148e-10
1.8481e+03	8.7103e-11
1.8506e+03	8.7810e-11
1.8530e+03	9.0844e-11
1.8555e+03	7.9993e-11
1.8579e+03	7.8677e-11
1.8604e+03	8.7034e-11
1.8628e+03	7.5969e-11
1.8652e+03	1.1412e-10
1.8677e+03	1.0636e-10
1.8701e+03	9.7792e-11
1.8726e+03	8.2747e-11
1.8750e+03	1.0821e-10
1.8774e+03	1.1157e-10
1.8799e+03	9.1165e-11
1.8823e+03	9.6915e-11
1.8848e+03	9.4590e-11
1.8872e+03	1.0540e-10
1.8896e+03	1.0991e-10
1.8921e+03	1.1006e-10
1.8945e+03	9.8064e-11
1.8970e+03	8.4896e-11
1.8994e+03	8.6054e-11
1.9019e+03	1.1997e-10
1.9043e+03	1.0541e-10
1.9067e+03	8.6082e-11
1.9092e+03	1.0239e-10
1.9116e+03	1.1198e-10
1.9141e+03	1.0676e-10
1.9165e+03	1.0545e-10
1.9189e+03	9.5909e-11
1.9214e+03	8.3468e-11
1.9238e+03	9.0386e-11
1.9263e+03	9.4783e-11
1.9287e+03	1.0201e-10
1.9312e+03	1.0223e-10
1.9336e+03	1.1271e-10
1.9360e+03	1.0043e-10
1.9385e+03	8.7957e-11
1.9409e+03	7.7649e-11
1.9434e+03	9.5315e-11
1.9458e+03	8.4724e-11
1.9482e+03	9.4491e-11
1.9507e+03	1.0079e-10
1.9531e+03	1.0313e-10
1.9556e+03	1.0613e-10
1.9580e+03	7.2425e-11
1.9604e+03	6.4267e-11
1.9629e+03	7.1419e-11
1.9653e+03	1.0212e-10
1.9678e+03	1.1282e-10
1.9702e+03	9.3393e-11
1.9727e+03	8.9796e-11
1.9751e+03	1.1243e-10
1.9775e+03	1.3060e-10
1.9800e+03	1.1928e-10
1.9824e+03	1.1507e-10
1.9849e+03	1.1798e-10
1.9873e+03	1.0099e-10
1.9897e+03	1.0391e-10
1.9922e+03	1.2547e-10
1.9946e+03	1.1803e-10
1.9971e+03	1.3836e-10
1.9995e+03	1.2426e-10
2.0020e+03	1.1184e-10
2.0044e+03	8.8819e-11
2.0068e+03	1.1271e-10
2.0093e+03	1.1384e-10
2.0117e+03	1.1627e-10
2.0142e+03	9.8873e-11
2.0166e+03	9.5355e-11
2.0190e+03	1.1726e-10
2.0215e+03	1.1871e-10
2.0239e+03	1.0883e-10
2.0264e+03	1.0876e-10
2.0288e+03	9.9224e-11
2.0312e+03	9.2122e-11
2.0337e+03	1.0707e-10
2.0361e+03	1.0262e-10
2.0386e+03	9.8264e-11
2.0410e+03	8.3891e-11
2.0435e+03	8.7909e-11
2.0459e+03	9.3302e-11
2.0483e+03	9.6928e-11
2.0508e+03	9.5185e-11
2.0532e+03	8.8623e-11
2.0557e+03	1.0434e-10
2.0581e+03	1.2130e-10
2.0605e+03	1.0375e-10
2.0630e+03	1.0436e-10
2.0654e+03	8.5363e-11
2.0679e+03	8.7516e-11
2.0703e+03	9.9744e-11
2.0728e+03	1.0817e-10
2.0752e+03	1.2486e-10
2.0776e+03	1.2162e-10
2.0801e+03	1.0870e-10
2.0825e+03	1.0872e-10
2.0850e+03	1.0894e-10
2.0874e+03	9.1021e-11
2.0898e+03	9.5590e-11
2.0923e+03	1.2221e-10
2.0947e+03	1.0988e-10
2.0972e+03	7.8399e-11
2.0996e+03	9.8623e-11
2.1021e+03	1.1098e-10
2.1045e+03	1.0667e-10
2.1069e+03	1.0026e-10
2.1094e+03	1.1175e-10
2.1118e+03	1.1649e-10
2.1143e+03	1.0180e-10
2.1167e+03	1.0283e-10
2.1191e+03	7.8353e-11
2.1216e+03	9.5587e-11
2.1240e+03	1.0896e-10
2.1265e+03	1.1825e-10
2.1289e+03	1.0419e-10
2.1313e+03	8.9556e-11
2.1338e+03	9.1019e-11
2.1362e+03	9.5647e-11
2.1387e+03	9.4761e-11
2.1411e+03	1.0978e-10
2.1436e+03	1.2363e-10
2.1460e+03	1.2617e-10
2.1484e+03	1.0804e-10
2.1509e+03	9.7112e-11
2.1533e+03	9.2669e-11
2.1558e+03	1.0245e-10
2.1582e+03	1.1108e-10
2.1606e+03	9.6864e-11
2.1631e+03	8.7263e-11
2.1655e+03	8.0452e-11
2.1680e+03	6.6800e-11
2.1704e+03	7.7894e-11
2.1729e+03	1.1203e-10
2.1753e+03	9.1031e-11
2.1777e+03	8.9978e-11
2.1802e+03	1.0437e-10
2.1826e+03	1.4027e-10
2.1851e+03	1.1617e-10
2.1875e+03	9.8551e-11
2.1899e+03	1.0376e-10
2.1924e+03	9.3396e-11
2.1948e+03	9.4274e-11
2.1973e+03	1.2482e-10
2.1997e+03	9.5532e-11
2.2021e+03	8.4159e-11
2.2046e+03	8.2316e-11
2.2070e+03	8.2391e-11
2.2095e+03	8.2077e-11
2.2119e+03	9.4602e-11
2.2144e+03	8.6213e-11
2.2168e+03	9.7453e-11
2.2192e+03	1.1387e-10
2.2217e+03	8.2396e-11
2.2241e+03	8.4547e-11
2.2266e+03	9.1957e-11
2.2290e+03	1.0512e-10
2.2314e+03	9.6055e-11
2.2339e+03	9.6109e-11
2.2363e+03	9.9934e-11
2.2388e+03	1.0138e-10
2.2412e+03	1.1299e-10
2.2437e+03	1.0681e-10
2.2461e+03	1.0970e-10
2.2485e+03	9.4617e-11
2.2510e+03	9.3871e-11
2.2534e+03	1.0681e-10
2.2559e+03	1.0484e-10
2.2583e+03	9.8572e-11
2.2607e+03	9.8284e-11
2.2632e+03	8.5596e-11
2.2656e+03	9.9969e-11
2.2681e+03	1.1046e-10
2.2705e+03	1.0178e-10
2.2729e+03	8.5481e-11
2.2754e+03	8.1386e-11
2.2778e+03	7.9789e-11
2.2803e+03	1.0391e-10
2.2827e+03	1.1198e-10
2.2852e+03	9.4070e-11
2.2876e+03	9.6213e-11
2.2900e+03	8.7604e-11
2.2925e+03	1.0315e-10
2.2949e+03	1.2006e-10
2.2974e+03	8.5984e-11
2.2998e+03	7.9368e-11
2.3022e+03	8.9495e-11
2.3047e+03	9.5074e-11
2.3071e+03	8.0859e-11
2.3096e+03	1.1437e-10
2.3120e+03	9.3532e-11
2.3145e+03	9.5139e-11
2.3169e+03	1.1148e-10
2.3193e+03	1.0739e-10
2.3218e+03	8.7701e-11
2.3242e+03	9.9586e-11
2.3267e+03	1.0165e-10
2.3291e+03	1.1553e-10
2.3315e+03	9.7167e-11
2.3340e+03	9.0009e-11
2.3364e+03	1.0064e-10
2.3389e+03	1.0099e-10
2.3413e+03	1.1067e-10
2.3438e+03	1.0363e-10
2.3462e+03	9.9119e-11
2.3486e+03	8.3945e-11
2.3511e+03	1.1471e-10
2.3535e+03	9.4004e-11
2.3560e+03	1.0358e-10
2.3584e+03	8.9156e-11
2.3608e+03	8.7731e-11
2.3633e+03	1.1500e-10
2.3657e+03	1.0404e-10
2.3682e+03	7.3200e-11
2.3706e+03	9.0632e-11
2.3730e+03	9.7527e-11
2.3755e+03	9.1253e-11
2.3779e+03	9.8491e-11
2.3804e+03	1.0172e-10
2.3828e+03	9.1047e-11
2.3853e+03	1.0200e-10
2.3877e+03	1.2771e-10
2.3901e+03	1.4634e-10
2.3926e+03	9.5521e-11
2.3950e+03	7.5809e-11
2.3975e+03	1.0029e-10
2.3999e+03	9.8673e-11
2.4023e+03	1.0748e-10
2.4048e+03	9.7752e-11
2.4072e+03	9.0491e-11
2.4097e+03	9.2606e-11
2.4121e+03	1.0380e-10
2.4146e+03	1.0261e-10
2.4170e+03	1.3141e-10
2.4194e+03	1.0986e-10
2.4219e+03	9.0856e-11
2.4243e+03	9.4884e-11
2.4268e+03	9.4707e-11
2.4292e+03	1.0104e-10
2.4316e+03	1.2727e-10
2.4341e+03	1.1318e-10
2.4365e+03	9.3023e-11
2.4390e+03	8.9341e-11
2.4414e+03	9.2536e-11
2.4438e+03	1.1008e-10
2.4463e+03	1.1655e-10
2.4487e+03	1.1962e-10
2.4512e+03	9.0473e-11
2.4536e+03	9.6960e-11
2.4561e+03	1.2643e-10
2.4585e+03	9.1928e-11
2.4609e+03	8.6195e-11
2.4634e+03	8.0247e-11
2.4658e+03	8.8549e-11
2.4683e+03	9.4484e-11
2.4707e+03	1.2766e-10
2.4731e+03	1.0823e-10
2.4756e+03	1.0757e-10
2.4780e+03	9.7795e-11
2.4805e+03	1.3654e-10
2.4829e+03	1.1410e-10
2.4854e+03	1.0954e-10
2.4878e+03	1.1548e-10
2.4902e+03	1.2277e-10
2.4927e+03	1.0855e-10
2.4951e+03	9.7512e-11
2.4976e+03	7.8007e-11
2.5000e+03	1.1565e-10
2.5024e+03	1.3542e-10
2.5049e+03	1.1911e-10
2.5073e+03	1.0947e-10
2.5098e+03	1.1312e-10
2.5122e+03	9.6496e-11
2.5146e+03	9.6535e-11
2.5171e+03	1.1267e-10
2.5195e+03	8.4133e-11
2.5220e+03	1.1610e-10
2.5244e+03	1.4845e-10
2.5269e+03	1.3610e-10
2.5293e+03	1.2147e-10
2.5317e+03	1.0432e-10
2.5342e+03	1.0669e-10
2.5366e+03	8.9095e-11
2.5391e+03	1.0800e-10
2.5415e+03	1.1414e-10
2.5439e+03	1.0878e-10
2.5464e+03	1.1567e-10
2.5488e+03	1.0309e-10
2.5513e+03	8.7080e-11
2.5537e+03	7.0651e-11
2.5562e+03	7.4331e-11
2.5586e+03	8.0812e-11
2.5610e+03	8.6484e-11
2.5635e+03	7.9936e-11
2.5659e+03	7.3891e-11
2.5684e+03	8.9103e-11
2.5708e+03	8.3190e-11
2.5732e+03	5.7889e-11
2.5757e+03	8.5582e-11
2.5781e+03	1.0453e-10
2.5806e+03	9.9500e-11
2.5830e+03	9.2237e-11
2.5854e+03	9.5052e-11
2.5879e+03	1.0012e-10
2.5903e+03	1.0782e-10
2.5928e+03	1.2829e-10
2.5952e+03	1.1048e-10
2.5977e+03	9.2811e-11
2.6001e+03	8.6784e-11
2.6025e+03	8.1012e-11
2.6050e+03	8.0519e-11
2.6074e+03	9.5036e-11
2.6099e+03	1.0625e-10
2.6123e+03	1.2007e-10
2.6147e+03	9.9685e-11
2.6172e+03	7.6288e-11
2.6196e+03	8.0465e-11
2.6221e+03	8.9396e-11
2.6245e+03	9.4975e-11
2.6270e+03	1.1391e-10
2.6294e+03	1.2619e-10
2.6318e+03	1.0906e-10
2.6343e+03	9.5933e-11
2.6367e+03	1.1327e-10
2.6392e+03	9.6918e-11
2.6416e+03	8.2584e-11
2.6440e+03	8.8347e-11
2.6465e+03	8.5642e-11
2.6489e+03	7.7366e-11
2.6514e+03	8.2877e-11
2.6538e+03	8.0273e-11
2.6562e+03	7.6971e-11
2.6587e+03	8.1318e-11
2.6611e+03	7.0099e-11
2.6636e+03	8.6586e-11
2.6660e+03	1.0304e-10
2.6685e+03	8.5268e-11
2.6709e+03	9.7357e-11
2.6733e+03	1.0935e-10
2.6758e+03	1.0334e-10
2.6782e+03	9.0440e-11
2.6807e+03	9.3552e-11
2.6831e+03	8.3903e-11
2.6855e+03	9.3749e-11
2.6880e+03	1.4507e-10
2.6904e+03	1.5484e-10
2.6929e+03	1.1525e-10
2.6953e+03	9.6170e-11
2.6978e+03	9.4731e-11
2.7002e+03	9.7431e-11
2.7026e+03	1.1318e-10
2.7051e+03	1.1401e-10
2.7075e+03	9.7047e-11
2.7100e+03	7.6173e-11
2.7124e+03	7.1302e-11
2.7148e+03	8.1230e-11
2.7173e+03	1.0208e-10
2.7197e+03	1.0522e-10
2.7222e+03	1.0031e-10
2.7246e+03	1.1101e-10
2.7271e+03	1.0075e-10
2.7295e+03	1.0080e-10
2.7319e+03	1.1363e-10
2.7344e+03	1.0502e-10
2.7368e+03	9.4760e-11
2.7393e+03	1.0682e-10
2.7417e+03	1.0779e-10
2.7441e+03	8.2821e-11
2.7466e+03	8.6073e-11
2.7490e+03	7.1689e-11
2.7515e+03	9.3783e-11
2.7539e+03	1.1212e-10
2.7563e+03	8.1719e-11
2.7588e+03	9.2830e-11
2.7612e+03	9.5706e-11
2.7637e+03	1.0109e-10
2.7661e+03	9.7326e-11
2.7686e+03	9.6852e-11
2.7710e+03	1.0638e-10
2.7734e+03	1.0532e-10
2.7759e+03	9.5504e-11
2.7783e+03	8.5735e-11
2.7808e+03	7.4742e-11
2.7832e+03	8.9483e-11
2.7856e+03	1.0941e-10
2.7881e+03	9.3240e-11
2.7905e+03	1.0058e-10
2.7930e+03	1.1149e-10
2.7954e+03	1.1439e-10
2.7979e+03	1.0941e-10
2.8003e+03	1.2397e-10
2.8027e+03	1.1159e-10
2.8052e+03	8.2527e-11
2.8076e+03	8.2056e-11
2.8101e+03	1.0480e-10
2.8125e+03	1.1233e-10
2.8149e+03	1.0791e-10
2.8174e+03	7.7405e-11
2.8198e+03	7.7530e-11
2.8223e+03	9.8617e-11
2.8247e+03	1.0552e-10
2.8271e+03	1.1999e-10
2.8296e+03	1.3175e-10
2.8320e+03	1.3182e-10
2.8345e+03	1.0291e-10
2.8369e+03	1.2150e-10
2.8394e+03	1.0990e-10
2.8418e+03	1.0764e-10
2.8442e+03	1.0198e-10
2.8467e+03	9.5713e-11
2.8491e+03	9.5055e-11
2.8516e+03	1.0088e-10
2.8540e+03	1.0923e-10
2.8564e+03	9.1868e-11
2.8589e+03	8.3550e-11
2.8613e+03	1.1219e-10
2.8638e+03	1.1549e-10
2.8662e+03	9.2798e-11
2.8687e+03	1.0214e-10
2.8711e+03	1.1904e-10
2.8735e+03	8.8516e-11
2.8760e+03	7.5293e-11
2.8784e+03	8.1901e-11
2.8809e+03	1.0415e-10
2.8833e+03	9.5791e-11
2.8857e+03	8.6083e-11
2.8882e+03	1.0414e-10
2.8906e+03	1.0369e-10
2.8931e+03	1.0995e-10
2.8955e+03	8.1192e-11
2.8979e+03	7.6889e-11
2.9004e+03	9.3819e-11
2.9028e+03	7.3903e-11
2.9053e+03	8.1733e-11
2.9077e+03	8.2137e-11
2.9102e+03	9.9224e-11
2.9126e+03	1.2164e-10
2.9150e+03	1.1755e-10
2.9175e+03	9.2041e-11
2.9199e+03	8.0115e-11
2.9224e+03	9.0569e-11
2.9248e+03	7.9586e-11
2.9272e+03	8.0487e-11
2.9297e+03	1.0111e-10
2.9321e+03	9.4041e-11
2.9346e+03	8.4947e-11
2.9370e+03	1.0371e-10
2.9395e+03	1.0203e-10
2.9419e+03	1.1058e-10
2.9443e+03	1.3066e-10
2.9468e+03	1.0359e-10
2.9492e+03	8.0597e-11
2.9517e+03	8.2812e-11
2.9541e+03	8.8601e-11
2.9565e+03	7.9394e-11
2.9590e+03	9.5815e-11
2.9614e+03	1.0013e-10
2.9639e+03	6.8407e-11
2.9663e+03	7.0372e-11
2.9688e+03	7.8177e-11
2.9712e+03	1.1863e-10
2.9736e+03	1.1431e-10
2.9761e+03	9.2595e-11
2.9785e+03	8.0350e-11
2.9810e+03	9.9005e-11
2.9834e+03	1.1536e-10
2.9858e+03	1.2176e-10
2.9883e+03	1.2450e-10
2.9907e+03	1.1849e-10
2.9932e+03	1.0194e-10
2.9956e+03	9.9681e-11
2.9980e+03	9.8428e-11
3.0005e+03	8.0306e-11
3.0029e+03	7.7286e-11
3.0054e+03	8.4865e-11
3.0078e+03	9.8649e-11
3.0103e+03	1.1180e-10
3.0127e+03	1.2254e-10
3.0151e+03	8.9485e-11
3.0176e+03	8.8972e-11
3.0200e+03	6.6725e-11
3.0225e+03	7.7901e-11
3.0249e+03	8.6013e-11
3.0273e+03	1.0411e-10
3.0298e+03	1.0814e-10
3.0322e+03	1.2127e-10
3.0347e+03	1.0605e-10
3.0371e+03	9.9124e-11
3.0396e+03	1.1824e-10
3.0420e+03	1.3621e-10
3.0444e+03	1.4020e-10
3.0469e+03	1.1876e-10
3.0493e+03	1.1345e-10
3.0518e+03	1.2727e-10
3.0542e+03	1.0040e-10
3.0566e+03	1.0052e-10
3.0591e+03	1.4374e-10
3.0615e+03	1.2336e-10
3.0640e+03	1.0267e-10
3.0664e+03	1.0028e-10
3.0688e+03	1.0178e-10
3.0713e+03	1.0343e-10
3.0737e+03	1.1463e-10
3.0762e+03	1.1585e-10
3.0786e+03	1.1856e-10
3.0811e+03	1.0687e-10
3.0835e+03	1.0451e-10
3.0859e+03	8.0227e-11
3.0884e+03	8.5651e-11
3.0908e+03	1.0599e-10
3.0933e+03	9.7962e-11
3.0957e+03	7.3534e-11
3.0981e+03	7.0934e-11
3.1006e+03	8.6446e-11
3.1030e+03	1.1705e-10
3.1055e+03	1.0850e-10
3.1079e+03	1.2399e-10
3.1104e+03	1.0514e-10
3.1128e+03	9.7619e-11
3.1152e+03	9.3607e-11
3.1177e+03	9.9079e-11
3.1201e+03	1.1732e-10
3.1226e+03	1.0726e-10
3.1250e+03	1.1202e-10
3.1274e+03	1.2661e-10
3.1299e+03	9.4277e-11
3.1323e+03	7.1039e-11
3.1348e+03	8.5714e-11
3.1372e+03	1.2279e-10
3.1396e+03	1.2965e-10
3.1421e+03	1.0349e-10
3.1445e+03	9.3733e-11
3.1470e+03	1.2566e-10
3.1494e+03	1.1391e-10
3.1519e+03	7.2953e-11
3.1543e+03	7.4470e-11
3.1567e+03	8.7331e-11
3.1592e+03	7.6855e-11
3.1616e+03	9.5362e-11
3.1641e+03	7.7918e-11
3.1665e+03	8.3882e-11
3.1689e+03	7.1037e-11
3.1714e+03	9.6400e-11
3.1738e+03	1.1398e-10
3.1763e+03	1.1968e-10
3.1787e+03	9.1934e-11
3.1812e+03	8.4860e-11
3.1836e+03	1.0210e-10
3.1860e+03	8.6510e-11
3.1885e+03	8.0992e-11
3.1909e+03	8.4639e-11
3.1934e+03	1.0986e-10
3.1958e+03	1.0590e-10
3.1982e+03	8.2560e-11
3.2007e+03	8.7178e-11
3.2031e+03	8.8171e-11
3.2056e+03	9.1830e-11
3.2080e+03	9.5378e-11
3.2104e+03	9.4055e-11
3.2129e+03	1.0543e-10
3.2153e+03	1.1341e-10
3.2178e+03	1.2310e-10
3.2202e+03	1.1817e-10
3.2227e+03	1.0275e-10
3.2251e+03	8.5075e-11
3.2275e+03	1.0102e-10
3.2300e+03	1.0918e-10
3.2324e+03	1.1721e-10
3.2349e+03	1.1948e-10
3.2373e+03	7.4147e-11
3.2397e+03	7.3029e-11
3.2422e+03	8.4598e-11
3.2446e+03	9.5789e-11
3.2471e+03	9.2462e-11
3.2495e+03	8.4277e-11
3.2520e+03	9.4811e-11
3.2544e+03	1.0958e-10
3.2568e+03	9.2378e-11
3.2593e+03	1.0692e-10
3.2617e+03	1.2170e-10
3.2642e+03	1.0518e-10
3.2666e+03	1.1282e-10
3.2690e+03	1.1603e-10
3.2715e+03	1.1073e-10
3.2739e+03	1.2476e-10
3.2764e+03	1.5167e-10
3.2788e+03	1.3226e-10
3.2812e+03	8.5301e-11
3.2837e+03	7.7260e-11
3.2861e+03	8.8682e-11
3.2886e+03	8.7433e-11
3.2910e+03	6.8895e-11
3.2935e+03	8.0361e-11
3.2959e+03	8.4320e-11
3.2983e+03	1.2027e-10
3.3008e+03	1.1037e-10
3.3032e+03	1.1364e-10
3.3057e+03	1.0639e-10
3.3081e+03	8.8818e-11
3.3105e+03	7.4908e-11
3.3130e+03	1.0403e-10
3.3154e+03	1.2696e-10
3.3179e+03	1.2631e-10
3.3203e+03	9.6774e-11
3.3228e+03	7.6676e-11
3.3252e+03	8.0276e-11
3.3276e+03	5.8825e-11
3.3301e+03	9.1185e-11
3.3325e+03	1.0494e-10
3.3350e+03	1.1249e-10
3.3374e+03	9.0877e-11
3.3398e+03	6.6215e-11
3.3423e+03	9.3841e-11
3.3447e+03	1.0568e-10
3.3472e+03	8.9162e-11
3.3496e+03	1.0533e-10
3.3521e+03	1.2025e-10
3.3545e+03	1.1997e-10
3.3569e+03	1.0396e-10
3.3594e+03	1.1320e-10
3.3618e+03	1.2590e-10
3.3643e+03	1.2143e-10
3.3667e+03	1.0001e-10
3.3691e+03	8.5295e-11
3.3716e+03	9.9287e-11
3.3740e+03	1.0174e-10
3.3765e+03	9.1833e-11
3.3789e+03	8.4584e-11
3.3813e+03	9.7926e-11
3.3838e+03	1.0394e-10
3.3862e+03	1.4032e-10
3.3887e+03	1.1262e-10
3.3911e+03	9.3965e-11
3.3936e+03	9.1735e-11
3.3960e+03	1.0153e-10
3.3984e+03	1.0974e-10
3.4009e+03	1.0972e-10
3.4033e+03	1.2507e-10
3.4058e+03	1.4461e-10
3.4082e+03	1.0818e-10
3.4106e+03	7.9283e-11
3.4131e+03	8.2418e-11
3.4155e+03	8.9600e-11
3.4180e+03	6.8538e-11
3.4204e+03	6.9223e-11
3.4229e+03	8.1440e-11
3.4253e+03	8.8481e-11
3.4277e+03	9.5707e-11
3.4302e+03	9.8989e-11
3.4326e+03	1.0242e-10
3.4351e+03	1.2154e-10
3.4375e+03	1.3001e-10
3.4399e+03	1.2567e-10
3.4424e+03	1.0834e-10
3.4448e+03	1.0245e-10
3.4473e+03	9.6618e-11
3.4497e+03	9.4867e-11
3.4521e+03	8.4098e-11
3.4546e+03	1.1096e-10
3.4570e+03	1.1763e-10
3.4595e+03	1.0415e-10
3.4619e+03	1.2051e-10
3.4644e+03	1.5165e-10
3.4668e+03	1.3802e-10
3.4692e+03	1.0954e-10
3.4717e+03	1.1743e-10
3.4741e+03	1.0444e-10
3.4766e+03	9.8792e-11
3.4790e+03	1.1465e-10
3.4814e+03	1.0293e-10
3.4839e+03	9.1456e-11
3.4863e+03	9.8619e-11
3.4888e+03	8.9699e-11
3.4912e+03	9.0002e-11
3.4937e+03	1.0705e-10
3.4961e+03	1.2695e-10
3.4985e+03	1.2202e-10
3.5010e+03	8.7452e-11
3.5034e+03	8.6566e-11
3.5059e+03	1.0671e-10
3.5083e+03	9.4002e-11
3.5107e+03	1.0772e-10
3.5132e+03	9.3644e-11
3.5156e+03	1.0667e-10
3.5181e+03	1.3727e-10
3.5205e+03	1.1627e-10
3.5229e+03	9.4278e-11
3.5254e+03	1.0271e-10
3.5278e+03	1.1103e-10
3.5303e+03	1.0915e-10
3.5327e+03	7.7704e-11
3.5352e+03	8.3001e-11
3.5376e+03	9.4281e-11
3.5400e+03	8.6516e-11
3.5425e+03	9.1108e-11
3.5449e+03	8.8152e-11
3.5474e+03	1.0466e-10
3.5498e+03	9.5494e-11
3.5522e+03	9.9892e-11
3.5547e+03	1.0465e-10
3.5571e+03	9.4906e-11
3.5596e+03	1.0012e-10
3.5620e+03	1.0626e-10
3.5645e+03	9.3254e-11
3.5669e+03	9.3075e-11
3.5693e+03	1.0681e-10
3.5718e+03	9.8694e-11
3.5742e+03	1.0742e-10
3.5767e+03	1.0822e-10
3.5791e+03	7.8283e-11
3.5815e+03	8.2986e-11
3.5840e+03	1.0783e-10
3.5864e+03	1.0446e-10
3.5889e+03	1.0385e-10
3.5913e+03	1.1606e-10
3.5938e+03	9.5641e-11
3.5962e+03	8.4191e-11
3.5986e+03	1.0383e-10
3.6011e+03	8.6882e-11
3.6035e+03	8.8799e-11
3.6060e+03	9.8908e-11
3.6084e+03	1.1363e-10
3.6108e+03	1.0810e-10
3.6133e+03	1.1844e-10
3.6157e+03	1.1232e-10
3.6182e+03	1.1750e-10
3.6206e+03	9.5122e-11
3.6230e+03	9.4809e-11
3.6255e+03	1.1504e-10
3.6279e+03	1.1848e-10
3.6304e+03	8.5236e-11
3.6328e+03	7.0850e-11
3.6353e+03	8.9535e-11
3.6377e+03	9.2176e-11
3.6401e+03	9.5569e-11
3.6426e+03	1.3653e-10
3.6450e+03	1.3688e-10
3.6475e+03	1.1973e-10
3.6499e+03	1.0331e-10
3.6523e+03	1.2735e-10
3.6548e+03	1.1603e-10
3.6572e+03	1.0684e-10
3.6597e+03	1.0472e-10
3.6621e+03	9.7546e-11
3.6646e+03	1.0387e-10
3.6670e+03	8.6750e-11
3.6694e+03	8.6252e-11
3.6719e+03	1.0017e-10
3.6743e+03	1.1745e-10
3.6768e+03	1.1056e-10
3.6792e+03	9.2722e-11
3.6816e+03	9.5352e-11
3.6841e+03	1.0120e-10
3.6865e+03	8.7933e-11
3.6890e+03	1.1093e-10
3.6914e+03	1.0719e-10
3.6938e+03	8.0049e-11
3.6963e+03	8.2144e-11
3.6987e+03	1.0310e-10
3.7012e+03	8.0813e-11
3.7036e+03	8.1076e-11
3.7061e+03	1.0885e-10
3.7085e+03	1.0442e-10
3.7109e+03	9.2701e-11
3.7134e+03	8.4132e-11
3.7158e+03	1.0079e-10
3.7183e+03	1.0268e-10
3.7207e+03	8.9217e-11
3.7231e+03	8.9639e-11
3.7256e+03	9.7812e-11
3.7280e+03	8.1513e-11
3.7305e+03	9.5647e-11
3.7329e+03	9.8506e-11
3.7354e+03	9.5908e-11
3.7378e+03	9.4754e-11
3.7402e+03	6.8520e-11
3.7427e+03	8.8098e-11
3.7451e+03	9.1082e-11
3.7476e+03	1.0192e-10
3.7500e+03	7.3840e-11
3.7524e+03	9.4820e-11
3.7549e+03	1.2995e-10
3.7573e+03	1.2822e-10
3.7598e+03	9.7539e-11
3.7622e+03	9.1304e-11
3.7646e+03	1.0099e-10
3.7671e+03	8.8872e-11
3.7695e+03	8.3183e-11
3.7720e+03	1.0164e-10
3.7744e+03	1.0511e-10
3.7769e+03	1.1983e-10
3.7793e+03	1.0936e-10
3.7817e+03	7.2395e-11
3.7842e+03	9.6037e-11
3.7866e+03	1.4825e-10
3.7891e+03	1.3594e-10
3.7915e+03	1.2093e-10
3.7939e+03	9.2536e-11
3.7964e+03	8.5719e-11
3.7988e+03	1.1982e-10
3.8013e+03	1.0663e-10
3.8037e+03	9.9616e-11
3.8062e+03	1.0009e-10
3.8086e+03	9.3442e-11
3.8110e+03	1.1622e-10
3.8135e+03	1.1084e-10
3.8159e+03	9.8845e-11
3.8184e+03	1.0445e-10
3.8208e+03	9.6495e-11
3.8232e+03	7.7472e-11
3.8257e+03	7.5766e-11
3.8281e+03	8.0502e-11
3.8306e+03	9.4948e-11
3.8330e+03	9.8340e-11
3.8354e+03	9.3530e-11
3.8379e+03	1.1889e-10
3.8403e+03	1.2268e-10
3.8428e+03	1.0352e-10
3.8452e+03	9.7872e-11
3.8477e+03	1.0388e-10
3.8501e+03	1.3892e-10
3.8525e+03	1.2156e-10
3.8550e+03	1.0737e-10
3.8574e+03	1.0073e-10
3.8599e+03	9.0168e-11
3.8623e+03	8.9983e-11
3.8647e+03	8.7318e-11
3.8672e+03	9.1433e-11
3.8696e+03	1.0098e-10
3.8721e+03	1.1137e-10
3.8745e+03	1.0252e-10
3.8770e+03	9.1841e-11
3.8794e+03	8.5954e-11
3.8818e+03	1.0006e-10
3.8843e+03	8.7840e-11
3.8867e+03	8.0539e-11
3.8892e+03	1.2770e-10
3.8916e+03	1.0597e-10
3.8940e+03	9.9337e-11
3.8965e+03	8.6837e-11
3.8989e+03	1.1088e-10
3.9014e+03	9.0263e-11
3.9038e+03	1.0497e-10
3.9062e+03	1.1698e-10
3.9087e+03	1.0648e-10
3.9111e+03	1.0391e-10
3.9136e+03	1.0322e-10
3.9160e+03	9.5195e-11
3.9185e+03	1.1149e-10
3.9209e+03	1.2460e-10
3.9233e+03	1.0283e-10
3.9258e+03	8.8686e-11
3.9282e+03	9.2419e-11
3.9307e+03	1.0154e-10
3.9331e+03	1.0904e-10
3.9355e+03	9.8332e-11
3.9380e+03	1.2110e-10
3.9404e+03	8.4110e-11
3.9429e+03	6.8611e-11
3.9453e+03	8.3309e-11
3.9478e+03	1.0557e-10
3.9502e+03	1.0036e-10
3.9526e+03	1.2192e-10
3.9551e+03	1.2535e-10
3.9575e+03	9.7756e-11
3.9600e+03	8.7543e-11
3.9624e+03	9.9796e-11
3.9648e+03	8.6392e-11
3.9673e+03	7.5429e-11
3.9697e+03	6.7920e-11
3.9722e+03	7.5304e-11
3.9746e+03	1.0445e-10
3.9771e+03	1.0848e-10
3.9795e+03	1.0918e-10
3.9819e+03	1.2531e-10
3.9844e+03	1.2360e-10
3.9868e+03	1.2686e-10
3.9893e+03	9.3845e-11
3.9917e+03	1.2566e-10
3.9941e+03	1.4506e-10
3.9966e+03	1.1234e-10
3.9990e+03	1.0242e-10
4.0015e+03	1.2478e-10
4.0039e+03	1.2740e-10
4.0063e+03	1.1249e-10
4.0088e+03	9.8228e-11
4.0112e+03	8.8719e-11
4.0137e+03	1.0184e-10
4.0161e+03	1.1398e-10
4.0186e+03	1.3391e-10
4.0210e+03	1.1409e-10
4.0234e+03	1.0670e-10
4.0259e+03	9.9918e-11
4.0283e+03	1.0300e-10
4.0308e+03	1.0604e-10
4.0332e+03	8.9207e-11
4.0356e+03	1.0722e-10
4.0381e+03	1.1203e-10
4.0405e+03	9.3313e-11
4.0430e+03	1.0622e-10
4.0454e+03	1.1602e-10
4.0479e+03	1.1673e-10
4.0503e+03	1.0336e-10
4.0527e+03	9.1288e-11
4.0552e+03	1.1227e-10
4.0576e+03	1.2466e-10
4.0601e+03	1.4032e-10
4.0625e+03	1.2134e-10
4.0649e+03	7.1874e-11
4.0674e+03	7.9679e-11
4.0698e+03	8.8057e-11
4.0723e+03	9.8980e-11
4.0747e+03	1.0072e-10
4.0771e+03	1.1458e-10
4.0796e+03	9.5229e-11
4.0820e+03	9.2200e-11
4.0845e+03	1.0012e-10
4.0869e+03	9.4435e-11
4.0894e+03	9.4894e-11
4.0918e+03	9.0265e-11
4.0942e+03	7.3657e-11
4.0967e+03	9.1031e-11
4.0991e+03	1.2770e-10
4.1016e+03	1.1264e-10
4.1040e+03	9.5309e-11
4.1064e+03	1.0491e-10
4.1089e+03	9.4666e-11
4.1113e+03	7.7833e-11
4.1138e+03	9.7361e-11
4.1162e+03	1.0561e-10
4.1187e+03	9.3986e-11
4.1211e+03	8.6819e-11
4.1235e+03	8.8106e-11
4.1260e+03	9.2315e-11
4.1284e+03	1.0525e-10
4.1309e+03	9.1484e-11
4.1333e+03	9.0556e-11
4.1357e+03	9.3355e-11
4.1382e+03	1.0484e-10
4.1406e+03	1.1516e-10
4.1431e+03	9.9388e-11
4.1455e+03	1.1060e-10
4.1479e+03	9.8874e-11
4.1504e+03	1.1700e-10
4.1528e+03	1.0852e-10
4.1553e+03	7.4013e-11
4.1577e+03	7.4369e-11
4.1602e+03	8.1464e-11
4.1626e+03	8.9426e-11
4.1650e+03	7.6664e-11
4.1675e+03	9.4120e-11
4.1699e+03	1.0157e-10
4.1724e+03	9.4542e-11
4.1748e+03	9.2960e-11
4.1772e+03	9.0377e-11
4.1797e+03	1.1713e-10
4.1821e+03	1.0171e-10
4.1846e+03	1.0781e-10
4.1870e+03	1.1556e-10
4.1895e+03	1.3425e-10
4.1919e+03	1.0114e-10
4.1943e+03	7.3642e-11
4.1968e+03	8.4464e-11
4.1992e+03	9.5897e-11
4.2017e+03	8.3574e-11
4.2041e+03	7.6941e-11
4.2065e+03	8.2677e-11
4.2090e+03	8.3736e-11
4.2114e+03	1.0140e-10
4.2139e+03	1.1589e-10
4.2163e+03	1.0469e-10
4.2188e+03	1.0861e-10
4.2212e+03	1.1364e-10
4.2236e+03	1.0377e-10
4.2261e+03	9.1176e-11
4.2285e+03	1.0149e-10
4.2310e+03	9.5653e-11
4.2334e+03	8.4248e-11
4.2358e+03	8.6101e-11
4.2383e+03	1.0161e-10
4.2407e+03	1.0107e-10
4.2432e+03	1.0276e-10
4.2456e+03	1.4298e-10
4.2480e+03	1.3223e-10
4.2505e+03	1.0584e-10
4.2529e+03	8.9407e-11
4.2554e+03	9.6853e-11
4.2578e+03	1.2287e-10
4.2603e+03	9.6608e-11
4.2627e+03	9.8146e-11
4.2651e+03	1.0307e-10
4.2676e+03	1.1988e-10
4.2700e+03	1.3541e-10
4.2725e+03	9.7563e-11
4.2749e+03	1.1552e-10
4.2773e+03	1.1566e-10
4.2798e+03	9.7561e-11
4.2822e+03	8.5161e-11
4.2847e+03	8.7509e-11
4.2871e+03	1.0527e-10
4.2896e+03	1.1110e-10
4.2920e+03	1.0403e-10
4.2944e+03	9.2048e-11
4.2969e+03	9.5077e-11
4.2993e+03	9.6403e-11
4.3018e+03	8.0816e-11
4.3042e+03	1.2020e-10
4.3066e+03	1.0809e-10
4.3091e+03	9.2261e-11
4.3115e+03	9.8859e-11
4.3140e+03	9.7455e-11
4.3164e+03	1.2829e-10
4.3188e+03	1.1452e-10
4.3213e+03	1.0637e-10
4.3237e+03	1.0228e-10
4.3262e+03	1.0524e-10
4.3286e+03	9.2980e-11
4.3311e+03	8.9235e-11
4.3335e+03	9.3011e-11
4.3359e+03	8.6647e-11
4.3384e+03	8.1986e-11
4.3408e+03	1.0701e-10
4.3433e+03	1.0979e-10
4.3457e+03	9.3426e-11
4.3481e+03	9.5725e-11
4.3506e+03	9.4106e-11
4.3530e+03	8.8630e-11
4.3555e+03	1.0181e-10
4.3579e+03	1.0232e-10
4.3604e+03	9.7889e-11
4.3628e+03	8.9297e-11
4.3652e+03	8.0452e-11
4.3677e+03	8.6804e-11
4.3701e+03	1.0823e-10
4.3726e+03	1.1033e-10
4.3750e+03	9.0746e-11
4.3774e+03	1.0091e-10
4.3799e+03	8.1169e-11
4.3823e+03	9.7034e-11
4.3848e+03	8.9098e-11
4.3872e+03	6.7212e-11
4.3896e+03	9.1406e-11
4.3921e+03	9.5950e-11
4.3945e+03	9.7414e-11
4.3970e+03	9.9251e-11
4.3994e+03	8.9890e-11
4.4019e+03	9.2518e-11
4.4043e+03	9.7730e-11
4.4067e+03	9.8389e-11
4.4092e+03	1.0058e-10
4.4116e+03	1.2489e-10
4.4141e+03	1.1945e-10
4.4165e+03	8.4208e-11
4.4189e+03	7.2023e-11
4.4214e+03	8.3803e-11
4.4238e+03	9.1862e-11
4.4263e+03	9.0756e-11
4.4287e+03	9.4298e-11
4.4312e+03	1.0266e-10
4.4336e+03	1.0821e-10
4.4360e+03	8.3583e-11
4.4385e+03	9.3565e-11
4.4409e+03	1.0339e-10
4.4434e+03	1.0546e-10
4.4458e+03	7.0690e-11
4.4482e+03	6.0448e-11
4.4507e+03	7.2932e-11
4.4531e+03	1.0016e-10
4.4556e+03	9.9685e-11
4.4580e+03	7.8595e-11
4.4604e+03	9.0286e-11
4.4629e+03	9.5387e-11
4.4653e+03	7.6703e-11
4.4678e+03	1.0690e-10
4.4702e+03	1.2411e-10
4.4727e+03	1.0298e-10
4.4751e+03	9.1187e-11
4.4775e+03	9.0433e-11
4.4800e+03	8.5826e-11
4.4824e+03	8.6568e-11
4.4849e+03	1.1224e-10
4.4873e+03	1.1881e-10
4.4897e+03	1.0186e-10
4.4922e+03	1.1579e-10
4.4946e+03	1.0835e-10
4.4971e+03	8.8339e-11
4.4995e+03	9.7844e-11
4.5020e+03	1.0749e-10
4.5044e+03	1.0214e-10
4.5068e+03	1.0352e-10
4.5093e+03	1.0242e-10
4.5117e+03	8.9208e-11
4.5142e+03	1.0030e-10
4.5166e+03	1.1313e-10
4.5190e+03	1.1127e-10
4.5215e+03	1.2431e-10
4.5239e+03	1.0980e-10
4.5264e+03	1.1144e-10
4.5288e+03	7.3509e-11
4.5312e+03	8.9448e-11
4.5337e+03	8.9053e-11
4.5361e+03	8.5243e-11
4.5386e+03	1.0255e-10
4.5410e+03	8.7319e-11
4.5435e+03	8.1384e-11
4.5459e+03	6.6512e-11
4.5483e+03	8.2865e-11
4.5508e+03	1.1926e-10
4.5532e+03	1.1871e-10
4.5557e+03	9.5848e-11
4.5581e+03	8.9657e-11
4.5605e+03	8.4989e-11
4.5630e+03	1.0262e-10
4.5654e+03	1.0039e-10
4.5679e+03	8.0454e-11
4.5703e+03	1.0668e-10
4.5728e+03	1.1443e-10
4.5752e+03	9.2020e-11
4.5776e+03	1.0006e-10
4.5801e+03	1.1328e-10
4.5825e+03	1.2961e-10
4.5850e+03	1.1912e-10
4.5874e+03	9.1737e-11
4.5898e+03	8.5667e-11
4.5923e+03	1.2576e-10
4.5947e+03	1.5556e-10
4.5972e+03	1.1491e-10
4.5996e+03	9.2001e-11
4.6021e+03	1.2317e-10
4.6045e+03	1.1430e-10
4.6069e+03	8.7287e-11
4.6094e+03	1.0417e-10
4.6118e+03	1.0897e-10
4.6143e+03	1.1548e-10
4.6167e+03	1.0755e-10
4.6191e+03	1.1670e-10
4.6216e+03	1.0186e-10
4.6240e+03	7.9490e-11
4.6265e+03	8.5070e-11
4.6289e+03	9.2300e-11
4.6313e+03	7.8313e-11
4.6338e+03	8.9787e-11
4.6362e+03	1.0547e-10
4.6387e+03	1.2183e-10
4.6411e+03	1.1334e-10
4.6436e+03	9.4268e-11
4.6460e+03	1.1407e-10
4.6484e+03	1.0574e-10
4.6509e+03	7.8886e-11
4.6533e+03	9.2493e-11
4.6558e+03	9.3698e-11
4.6582e+03	7.1936e-11
4.6606e+03	9.6645e-11
4.6631e+03	9.6415e-11
4.6655e+03	9.8350e-11
4.6680e+03	9.7410e-11
4.6704e+03	9.5780e-11
4.6729e+03	9.3158e-11
4.6753e+03	1.0068e-10
4.6777e+03	1.1546e-10
4.6802e+03	1.0660e-10
4.6826e+03	9.2304e-11
4.6851e+03	8.0981e-11
4.6875e+03	8.6763e-11
4.6899e+03	8.2695e-11
4.6924e+03	7.9254e-11
4.6948e+03	7.4925e-11
4.6973e+03	7.4033e-11
4.6997e+03	8.5529e-11
4.7021e+03	8.8404e-11
4.7046e+03	8.4195e-11
4.7070e+03	1.1212e-10
4.7095e+03	1.1289e-10
4.7119e+03	9.3933e-11
4.7144e+03	1.0406e-10
4.7168e+03	1.1920e-10
4.7192e+03	8.0700e-11
4.7217e+03	7.4187e-11
4.7241e+03	9.3326e-11
4.7266e+03	1.1283e-10
4.7290e+03	1.2505e-10
4.7314e+03	1.2787e-10
4.7339e+03	1.1607e-10
4.7363e+03	1.2322e-10
4.7388e+03	1.1677e-10
4.7412e+03	9.2967e-11
4.7437e+03	1.0034e-10
4.7461e+03	1.2376e-10
4.7485e+03	1.2150e-10
4.7510e+03	8.5102e-11
4.7534e+03	8.4824e-11
4.7559e+03	1.0600e-10
4.7583e+03	1.1689e-10
4.7607e+03	9.8164e-11
4.7632e+03	1.0767e-10
4.7656e+03	1.0111e-10
4.7681e+03	9.7975e-11
4.7705e+03	1.0671e-10
4.7729e+03	1.0291e-10
4.7754e+03	8.9630e-11
4.7778e+03	1.0154e-10
4.7803e+03	1.0228e-10
4.7827e+03	8.7927e-11
4.7852e+03	6.3990e-11
4.7876e+03	8.5786e-11
4.7900e+03	9.5012e-11
4.7925e+03	9.9691e-11
4.7949e+03	1.0904e-10
4.7974e+03	1.1522e-10
4.7998e+03	1.0850e-10
4.8022e+03	7.9612e-11
4.8047e+03	9.8967e-11
4.8071e+03	1.0910e-10
4.8096e+03	9.6300e-11
4.8120e+03	1.1190e-10
4.8145e+03	1.3424e-10
4.8169e+03	1.0057e-10
4.8193e+03	9.0370e-11
4.8218e+03	1.0876e-10
4.8242e+03	1.2178e-10
4.8267e+03	1.3271e-10
4.8291e+03	1.1244e-10
4.8315e+03	1.0310e-10
4.8340e+03	9.9443e-11
4.8364e+03	9.3926e-11
4.8389e+03	9.1540e-11
4.8413e+03	7.6520e-11
4.8438e+03	7.9166e-11
4.8462e+03	8.0202e-11
4.8486e+03	8.2996e-11
4.8511e+03	1.0448e-10
4.8535e+03	1.2127e-10
4.8560e+03	1.2926e-10
4.8584e+03	1.2425e-10
4.8608e+03	9.2657e-11
4.8633e+03	1.0604e-10
4.8657e+03	1.0767e-10
4.8682e+03	9.2821e-11
4.8706e+03	9.3712e-11
4.8730e+03	7.8959e-11
4.8755e+03	1.0692e-10
4.8779e+03	9.4199e-11
4.8804e+03	9.7656e-11
4.8828e+03	8.3964e-11
4.8853e+03	8.5583e-11
4.8877e+03	1.0352e-10
4.8901e+03	1.2476e-10
4.8926e+03	1.0806e-10
4.8950e+03	1.2546e-10
4.8975e+03	1.3352e-10
4.8999e+03	1.3331e-10
4.9023e+03	9.4427e-11
4.9048e+03	8.5239e-11
4.9072e+03	8.6838e-11
4.9097e+03	9.0642e-11
4.9121e+03	1.1656e-10
4.9146e+03	9.5419e-11
4.9170e+03	9.0816e-11
4.9194e+03	1.1965e-10
4.9219e+03	1.1568e-10
4.9243e+03	8.3842e-11
4.9268e+03	8.9265e-11
4.9292e+03	9.4788e-11
4.9316e+03	9.0716e-11
4.9341e+03	8.6204e-11
4.9365e+03	8.9988e-11
4.9390e+03	1.0780e-10
4.9414e+03	1.1588e-10
4.9438e+03	9.5401e-11
4.9463e+03	8.1159e-11
4.9487e+03	9.3809e-11
4.9512e+03	8.7127e-11
4.9536e+03	7.6972e-11
4.9561e+03	1.0585e-10
4.9585e+03	1.2117e-10
4.9609e+03	1.1290e-10
4.9634e+03	8.7775e-11
4.9658e+03	8.3477e-11
4.9683e+03	1.0419e-10
4.9707e+03	1.1440e-10
4.9731e+03	1.2118e-10
4.9756e+03	1.0985e-10
4.9780e+03	8.6271e-11
4.9805e+03	7.4738e-11
4.9829e+03	9.5419e-11
4.9854e+03	9.6899e-11
4.9878e+03	1.0251e-10
4.9902e+03	1.0163e-10
4.9927e+03	9.3882e-11
4.9951e+03	9.5992e-11
4.9976e+03	1.0376e-10
5.0000e+03	1.0923e-10
5.0024e+03	8.8005e-11
5.0049e+03	1.0521e-10
5.0073e+03	1.1840e-10
5.0098e+03	1.0692e-10
5.0122e+03	9.5607e-11
5.0146e+03	9.7381e-11
5.0171e+03	1.0372e-10
5.0195e+03	8.7199e-11
5.0220e+03	1.1003e-10
5.0244e+03	7.7835e-11
5.0269e+03	1.1073e-10
5.0293e+03	1.1027e-10
5.0317e+03	1.1306e-10
5.0342e+03	1.0538e-10
5.0366e+03	1.2550e-10
5.0391e+03	1.0930e-10
5.0415e+03	1.0440e-10
5.0439e+03	1.1658e-10
5.0464e+03	8.9104e-11
5.0488e+03	9.5456e-11
5.0513e+03	1.0123e-10
5.0537e+03	9.3642e-11
5.0562e+03	9.5655e-11
5.0586e+03	1.0590e-10
5.0610e+03	9.1402e-11
5.0635e+03	8.5350e-11
5.0659e+03	8.9404e-11
5.0684e+03	1.0170e-10
5.0708e+03	8.3834e-11
5.0732e+03	9.1552e-11
5.0757e+03	1.0507e-10
5.0781e+03	1.0945e-10
5.0806e+03	8.7189e-11
5.0830e+03	8.2013e-11
5.0854e+03	9.4304e-11
5.0879e+03	1.1045e-10
5.0903e+03	1.0887e-10
5.0928e+03	1.0991e-10
5.0952e+03	1.1215e-10
5.0977e+03	1.0436e-10
5.1001e+03	8.3504e-11
5.1025e+03	7.8218e-11
5.1050e+03	8.9690e-11
5.1074e+03	9.3585e-11
5.1099e+03	9.7014e-11
5.1123e+03	1.1437e-10
5.1147e+03	9.1956e-11
5.1172e+03	1.1975e-10
5.1196e+03	1.2280e-10
5.1221e+03	1.2582e-10
5.1245e+03	9.8039e-11
5.1270e+03	9.6430e-11
5.1294e+03	1.1577e-10
5.1318e+03	1.0634e-10
5.1343e+03	1.0277e-10
5.1367e+03	1.1201e-10
5.1392e+03	1.0403e-10
5.1416e+03	8.5240e-11
5.1440e+03	8.8858e-11
5.1465e+03	8.7520e-11
5.1489e+03	8.3906e-11
5.1514e+03	1.0221e-10
5.1538e+03	9.2657e-11
5.1562e+03	8.7594e-11
5.1587e+03	1.1461e-10
5.1611e+03	9.5939e-11
5.1636e+03	1.0407e-10
5.1660e+03	9.3123e-11
5.1685e+03	8.6226e-11
5.1709e+03	8.3589e-11
5.1733e+03	1.1564e-10
5.1758e+03	1.3221e-10
5.1782e+03	9.3940e-11
5.1807e+03	7.7607e-11
5.1831e+03	7.2061e-11
5.1855e+03	9.4900e-11
5.1880e+03	1.0128e-10
5.1904e+03	1.0369e-10
5.1929e+03	1.0163e-10
5.1953e+03	7.6126e-11
5.1978e+03	9.0316e-11
5.2002e+03	9.8498e-11
5.2026e+03	8.5375e-11
5.2051e+03	8.6437e-11
5.2075e+03	8.6796e-11
5.2100e+03	1.0602e-10
5.2124e+03	1.0476e-10
5.2148e+03	1.0179e-10
5.2173e+03	1.0250e-10
5.2197e+03	1.1024e-10
5.2222e+03	1.2231e-10
5.2246e+03	1.1305e-10
5.2271e+03	9.9872e-11
5.2295e+03	1.0192e-10
5.2319e+03	1.2678e-10
5.2344e+03	1.0680e-10
5.2368e+03	1.0515e-10
5.2393e+03	1.0573e-10
5.2417e+03	8.7809e-11
5.2441e+03	1.0486e-10
5.2466e+03	1.2060e-10
5.2490e+03	9.9467e-11
5.2515e+03	1.0008e-10
5.2539e+03	1.1774e-10
5.2563e+03	1.1232e-10
5.2588e+03	7.8351e-11
5.2612e+03	8.6213e-11
5.2637e+03	7.9641e-11
5.2661e+03	9.5934e-11
5.2686e+03	1.0590e-10
5.2710e+03	1.2195e-10
5.2734e+03	1.1446e-10
5.2759e+03	9.6369e-11
5.2783e+03	9.2867e-11
5.2808e+03	8.2184e-11
5.2832e+03	9.0289e-11
5.2856e+03	8.1453e-11
5.2881e+03	8.0241e-11
5.2905e+03	1.1081e-10
5.2930e+03	1.0915e-10
5.2954e+03	1.1165e-10
5.2979e+03	1.0882e-10
5.3003e+03	9.8118e-11
5.3027e+03	9.5260e-11
5.3052e+03	9.8549e-11
5.3076e+03	8.6439e-11
5.3101e+03	8.1440e-11
5.3125e+03	8.0306e-11
5.3149e+03	9.3561e-11
5.3174e+03	1.0431e-10
5.3198e+03	9.5313e-11
5.3223e+03	9.7843e-11
5.3247e+03	1.1393e-10
5.3271e+03	1.2602e-10
5.3296e+03	9.2789e-11
5.3320e+03	9.4185e-11
5.3345e+03	1.0005e-10
5.3369e+03	1.2921e-10
5.3394e+03	1.0440e-10
5.3418e+03	1.0730e-10
5.3442e+03	1.0643e-10
5.3467e+03	1.3673e-10
5.3491e+03	1.1367e-10
5.3516e+03	9.6774e-11
5.3540e+03	1.0377e-10
5.3564e+03	9.2526e-11
5.3589e+03	8.6345e-11
5.3613e+03	7.8709e-11
5.3638e+03	8.7684e-11
5.3662e+03	8.9812e-11
5.3687e+03	8.4689e-11
5.3711e+03	7.0931e-11
5.3735e+03	5.8846e-11
5.3760e+03	7.6295e-11
5.3784e+03	9.4096e-11
5.3809e+03	1.0063e-10
5.3833e+03	9.4448e-11
5.3857e+03	7.3388e-11
5.3882e+03	7.9404e-11
5.3906e+03	1.0390e-10
5.3931e+03	1.0217e-10
5.3955e+03	1.0485e-10
5.3979e+03	9.8255e-11
5.4004e+03	9.6621e-11
5.4028e+03	9.6178e-11
5.4053e+03	1.0314e-10
5.4077e+03	1.1040e-10
5.4102e+03	1.1749e-10
5.4126e+03	1.3084e-10
5.4150e+03	1.1665e-10
5.4175e+03	9.9871e-11
5.4199e+03	9.5255e-11
5.4224e+03	9.3046e-11
5.4248e+03	8.8764e-11
5.4272e+03	1.0116e-10
5.4297e+03	1.0814e-10
5.4321e+03	9.3392e-11
5.4346e+03	9.3265e-11
5.4370e+03	8.7042e-11
5.4395e+03	8.4199e-11
5.4419e+03	8.4605e-11
5.4443e+03	9.2322e-11
5.4468e+03	1.0071e-10
5.4492e+03	1.1081e-10
5.4517e+03	8.4823e-11
5.4541e+03	7.8871e-11
5.4565e+03	1.0198e-10
5.4590e+03	9.9358e-11
5.4614e+03	1.1033e-10
5.4639e+03	1.0606e-10
5.4663e+03	8.4737e-11
5.4688e+03	8.4302e-11
5.4712e+03	9.4952e-11
5.4736e+03	1.3559e-10
5.4761e+03	1.2400e-10
5.4785e+03	9.1597e-11
5.4810e+03	1.0224e-10
5.4834e+03	1.1134e-10
5.4858e+03	1.0142e-10
5.4883e+03	7.8801e-11
5.4907e+03	7.9546e-11
5.4932e+03	1.0642e-10
5.4956e+03	1.0196e-10
5.4980e+03	1.0441e-10
5.5005e+03	9.7722e-11
5.5029e+03	1.0661e-10
5.5054e+03	1.0368e-10
5.5078e+03	8.9149e-11
5.5103e+03	8.3973e-11
5.5127e+03	8.6974e-11
5.5151e+03	9.1403e-11
5.5176e+03	8.4339e-11
5.5200e+03	9.5784e-11
5.5225e+03	7.9027e-11
5.5249e+03	1.1123e-10
5.5273e+03	1.1583e-10
5.5298e+03	1.0942e-10
5.5322e+03	8.4632e-11
5.5347e+03	8.5672e-11
5.5371e+03	8.9469e-11
5.5396e+03	7.3288e-11
5.5420e+03	7.1362e-11
5.5444e+03	8.2626e-11
5.5469e+03	7.0583e-11
5.5493e+03	6.7287e-11
5.5518e+03	9.9376e-11
5.5542e+03	1.2534e-10
5.5566e+03	1.3152e-10
5.5591e+03	1.1144e-10
5.5615e+03	1.0418e-10
5.5640e+03	9.5469e-11
5.5664e+03	9.9374e-11
5.5688e+03	1.2437e-10
5.5713e+03	1.1797e-10
5.5737e+03	1.0456e-10
5.5762e+03	1.0186e-10
5.5786e+03	9.7900e-11
5.5811e+03	1.0320e-10
5.5835e+03	8.2840e-11
5.5859e+03	8.2543e-11
5.5884e+03	8.1143e-11
5.5908e+03	1.0269e-10
5.5933e+03	1.0093e-10
5.5957e+03	8.1015e-11
5.5981e+03	8.3152e-11
5.6006e+03	1.0034e-10
5.6030e+03	9.8920e-11
5.6055e+03	1.0324e-10
5.6079e+03	1.0442e-10
5.6104e+03	1.2240e-10
5.6128e+03	1.3675e-10
5.6152e+03	1.1333e-10
5.6177e+03	1.0659e-10
5.6201e+03	7.7109e-11
5.6226e+03	8.9332e-11
5.6250e+03	1.1528e-10
5.6274e+03	1.1305e-10
5.6299e+03	9.8460e-11
5.6323e+03	7.0768e-11
5.6348e+03	7.6401e-11
5.6372e+03	1.2073e-10
5.6396e+03	1.2351e-10
5.6421e+03	1.1027e-10
5.6445e+03	1.0140e-10
5.6470e+03	8.1563e-11
5.6494e+03	1.0412e-10
5.6519e+03	9.8848e-11
5.6543e+03	8.5237e-11
5.6567e+03	9.1607e-11
5.6592e+03	9.6782e-11
5.6616e+03	8.5678e-11
5.6641e+03	8.2923e-11
5.6665e+03	8.6305e-11
5.6689e+03	8.2999e-11
5.6714e+03	9.9697e-11
5.6738e+03	1.2369e-10
5.6763e+03	1.0647e-10
5.6787e+03	1.0769e-10
5.6812e+03	1.1061e-10
5.6836e+03	1.1298e-10
5.6860e+03	1.2675e-10
5.6885e+03	1.2235e-10
5.6909e+03	1.1004e-10
5.6934e+03	1.2160e-10
5.6958e+03	8.2700e-11
5.6982e+03	9.0098e-11
5.7007e+03	9.1026e-11
5.7031e+03	7.6431e-11
5.7056e+03	8.6777e-11
5.7080e+03	9.6283e-11
5.7104e+03	8.3210e-11
5.7129e+03	8.8409e-11
5.7153e+03	1.1078e-10
5.7178e+03	1.1662e-10
5.7202e+03	8.7899e-11
5.7227e+03	7.7350e-11
5.7251e+03	7.5039e-11
5.7275e+03	9.2249e-11
5.7300e+03	1.0960e-10
5.7324e+03	1.1033e-10
5.7349e+03	1.1038e-10
5.7373e+03	8.8728e-11
5.7397e+03	9.1152e-11
5.7422e+03	9.2876e-11
5.7446e+03	1.0763e-10
5.7471e+03	1.2510e-10
5.7495e+03	8.8719e-11
5.7520e+03	8.4978e-11
5.7544e+03	8.7021e-11
5.7568e+03	8.3257e-11
5.7593e+03	1.1050e-10
5.7617e+03	1.1012e-10
5.7642e+03	7.9038e-11
5.7666e+03	9.4397e-11
5.7690e+03	9.7595e-11
5.7715e+03	1.2153e-10
5.7739e+03	1.4031e-10
5.7764e+03	1.0257e-10
5.7788e+03	9.2739e-11
5.7812e+03	1.0647e-10
5.7837e+03	1.1404e-10
5.7861e+03	1.0032e-10
5.7886e+03	9.4948e-11
5.7910e+03	8.9242e-11
5.7935e+03	1.0448e-10
5.7959e+03	1.0320e-10
5.7983e+03	1.2255e-10
5.8008e+03	1.1545e-10
5.8032e+03	9.8481e-11
5.8057e+03	7.6807e-11
5.8081e+03	8.7873e-11
5.8105e+03	9.6145e-11
5.8130e+03	1.0904e-10
5.8154e+03	8.3524e-11
5.8179e+03	9.7266e-11
5.8203e+03	8.4967e-11
5.8228e+03	9.4366e-11
5.8252e+03	1.0614e-10
5.8276e+03	1.2379e-10
5.8301e+03	1.2876e-10
5.8325e+03	1.1446e-10
5.8350e+03	9.2467e-11
5.8374e+03	8.4783e-11
5.8398e+03	8.5052e-11
5.8423e+03	1.0757e-10
5.8447e+03	1.0490e-10
5.8472e+03	1.0818e-10
5.8496e+03	8.3865e-11
5.8521e+03	8.4230e-11
5.8545e+03	1.0125e-10
5.8569e+03	1.1726e-10
5.8594e+03	1.2205e-10
5.8618e+03	9.0925e-11
5.8643e+03	9.8209e-11
5.8667e+03	9.9289e-11
5.8691e+03	9.5636e-11
5.8716e+03	1.2248e-10
5.8740e+03	9.6395e-11
5.8765e+03	8.8553e-11
5.8789e+03	1.0787e-10
5.8813e+03	1.1022e-10
5.8838e+03	1.1329e-10
5.8862e+03	1.0333e-10
5.8887e+03	8.1353e-11
5.8911e+03	8.5150e-11
5.8936e+03	9.8245e-11
5.8960e+03	9.0175e-11
5.8984e+03	7.6384e-11
5.9009e+03	6.9526e-11
5.9033e+03	9.9989e-11
5.9058e+03	9.2594e-11
5.9082e+03	9.3549e-11
5.9106e+03	1.1049e-10
5.9131e+03	1.2267e-10
5.9155e+03	1.2217e-10
5.9180e+03	1.0899e-10
5.9204e+03	1.0026e-10
5.9229e+03	1.0542e-10
5.9253e+03	9.6588e-11
5.9277e+03	9.7882e-11
5.9302e+03	1.0816e-10
5.9326e+03	9.3745e-11
5.9351e+03	1.2115e-10
5.9375e+03	1.1019e-10
5.9399e+03	8.4668e-11
5.9424e+03	1.0046e-10
5.9448e+03	8.7342e-11
5.9473e+03	8.2959e-11
5.9497e+03	8.5234e-11
5.9521e+03	8.3804e-11
5.9546e+03	9.8661e-11
5.9570e+03	8.8024e-11
5.9595e+03	7.9446e-11
5.9619e+03	9.1069e-11
5.9644e+03	1.1544e-10
5.9668e+03	9.7704e-11
5.9692e+03	1.0349e-10
5.9717e+03	9.1216e-11
5.9741e+03	9.9110e-11
5.9766e+03	1.1155e-10
5.9790e+03	1.1826e-10
5.9814e+03	1.2315e-10
5.9839e+03	8.6603e-11
5.9863e+03	9.6098e-11
5.9888e+03	9.2589e-11
5.9912e+03	7.3998e-11
5.9937e+03	7.9561e-11
5.9961e+03	7.7982e-11
5.9985e+03	1.0515e-10
6.0010e+03	1.0947e-10
6.0034e+03	1.0869e-10
6.0059e+03	9.9487e-11
6.0083e+03	1.0768e-10
6.0107e+03	9.1832e-11
6.0132e+03	7.6115e-11
6.0156e+03	6.6787e-11
6.0181e+03	6.9263e-11
6.0205e+03	8.7330e-11
6.0229e+03	1.0294e-10
6.0254e+03	9.5934e-11
6.0278e+03	1.1015e-10
6.0303e+03	1.0573e-10
6.0327e+03	8.9056e-11
6.0352e+03	7.1736e-11
6.0376e+03	7.6901e-11
6.0400e+03	8.3094e-11
6.0425e+03	1.1674e-10
6.0449e+03	1.2716e-10
6.0474e+03	1.2732e-10
6.0498e+03	1.1886e-10
6.0522e+03	1.0736e-10
6.0547e+03	1.0261e-10
6.0571e+03	8.5951e-11
6.0596e+03	9.0580e-11
6.0620e+03	9.4938e-11
6.0645e+03	1.1461e-10
6.0669e+03	1.2204e-10
6.0693e+03	8.9236e-11
6.0718e+03	1.1672e-10
6.0742e+03	1.2243e-10
6.0767e+03	1.0469e-10
6.0791e+03	1.0730e-10
6.0815e+03	1.1286e-10
6.0840e+03	8.0208e-11
6.0864e+03	7.6467e-11
6.0889e+03	8.1772e-11
6.0913e+03	1.1999e-10
6.0938e+03	1.3060e-10
6.0962e+03	1.0846e-10
6.0986e+03	8.1301e-11
6.1011e+03	1.0015e-10
6.1035e+03	8.0984e-11
6.1060e+03	7.6789e-11
6.1084e+03	9.0070e-11
6.1108e+03	8.4231e-11
6.1133e+03	1.1968e-10
6.1157e+03	1.1614e-10
6.1182e+03	1.0772e-10
6.1206e+03	1.0867e-10
6.1230e+03	1.0257e-10
6.1255e+03	1.0543e-10
6.1279e+03	9.2308e-11
6.1304e+03	1.0037e-10
6.1328e+03	7.9948e-11
6.1353e+03	7.9997e-11
6.1377e+03	7.7814e-11
6.1401e+03	7.5723e-11
6.1426e+03	9.3674e-11
6.1450e+03	1.0562e-10
6.1475e+03	1.0239e-10
6.1499e+03	1.0908e-10
6.1523e+03	1.2597e-10
6.1548e+03	1.2316e-10
6.1572e+03	9.2435e-11
6.1597e+03	7.8494e-11
6.1621e+03	7.7507e-11
6.1646e+03	9.6911e-11
6.1670e+03	9.2078e-11
6.1694e+03	9.7684e-11
6.1719e+03	1.2234e-10
6.1743e+03	9.4544e-11
6.1768e+03	8.4772e-11
6.1792e+03	8.6208e-11
6.1816e+03	8.8776e-11
6.1841e+03	9.0468e-11
6.1865e+03	9.4918e-11
6.1890e+03	1.1306e-10
6.1914e+03	1.0733e-10
6.1938e+03	8.4589e-11
6.1963e+03	9.3334e-11
6.1987e+03	1.0749e-10
6.2012e+03	1.0504e-10
6.2036e+03	1.1402e-10
6.2061e+03	9.2088e-11
6.2085e+03	7.9816e-11
6.2109e+03	1.1031e-10
6.2134e+03	1.1015e-10
6.2158e+03	9.4881e-11
6.2183e+03	1.0941e-10
6.2207e+03	1.1328e-10
6.2231e+03	1.1264e-10
6.2256e+03	1.0257e-10
6.2280e+03	1.0880e-10
6.2305e+03	9.9763e-11
6.2329e+03	1.0460e-10
6.2354e+03	9.4048e-11
6.2378e+03	8.3565e-11
6.2402e+03	1.0736e-10
6.2427e+03	1.1629e-10
6.2451e+03	1.1105e-10
6.2476e+03	8.1894e-11
6.2500e+03	7.8345e-11
6.2524e+03	7.7036e-11
6.2549e+03	1.0882e-10
6.2573e+03	1.0974e-10
6.2598e+03	8.6316e-11
6.2622e+03	9.1872e-11
6.2646e+03	1.0820e-10
6.2671e+03	1.1209e-10
6.2695e+03	1.0081e-10
6.2720e+03	8.1041e-11
6.2744e+03	7.1313e-11
6.2769e+03	8.0985e-11
6.2793e+03	8.4575e-11
6.2817e+03	1.1620e-10
6.2842e+03	1.0861e-10
6.2866e+03	1.1718e-10
6.2891e+03	1.0463e-10
6.2915e+03	1.0098e-10
6.2939e+03	1.1219e-10
6.2964e+03	1.0369e-10
6.2988e+03	7.1365e-11
6.3013e+03	8.3976e-11
6.3037e+03	8.7019e-11
6.3062e+03	9.2840e-11
6.3086e+03	9.0493e-11
6.3110e+03	8.7451e-11
6.3135e+03	1.0315e-10
6.3159e+03	1.1625e-10
6.3184e+03	9.4999e-11
6.3208e+03	9.9006e-11
6.3232e+03	9.0032e-11
6.3257e+03	1.0305e-10
6.3281e+03	8.7156e-11
6.3306e+03	7.2119e-11
6.3330e+03	9.1895e-11
6.3354e+03	1.0210e-10
6.3379e+03	9.7823e-11
6.3403e+03	1.1744e-10
6.3428e+03	1.1776e-10
6.3452e+03	1.0210e-10
6.3477e+03	1.1542e-10
6.3501e+03	1.0123e-10
6.3525e+03	1.1403e-10
6.3550e+03	1.1298e-10
6.3574e+03	9.2976e-11
6.3599e+03	9.6769e-11
6.3623e+03	1.2569e-10
6.3647e+03	1.1217e-10
6.3672e+03	9.8750e-11
6.3696e+03	9.9968e-11
6.3721e+03	1.2617e-10
6.3745e+03	1.0722e-10
6.3770e+03	1.0346e-10
6.3794e+03	1.0319e-10
6.3818e+03	9.1399e-11
6.3843e+03	1.2759e-10
6.3867e+03	1.2171e-10
6.3892e+03	1.1664e-10
6.3916e+03	8.1139e-11
6.3940e+03	1.1481e-10
6.3965e+03	9.8697e-11
6.3989e+03	1.0564e-10
6.4014e+03	1.1782e-10
6.4038e+03	7.9303e-11
6.4062e+03	7.8683e-11
6.4087e+03	8.5021e-11
6.4111e+03	1.0425e-10
6.4136e+03	1.2580e-10
6.4160e+03	1.1527e-10
6.4185e+03	1.0402e-10
6.4209e+03	9.5677e-11
6.4233e+03	9.8773e-11
6.4258e+03	9.6439e-11
6.4282e+03	1.1235e-10
6.4307e+03	1.3662e-10
6.4331e+03	1.3523e-10
6.4355e+03	1.2343e-10
6.4380e+03	1.3007e-10
6.4404e+03	1.1786e-10
6.4429e+03	7.9732e-11
6.4453e+03	7.5782e-11
6.4478e+03	1.0184e-10
6.4502e+03	1.2585e-10
6.4526e+03	1.1844e-10
6.4551e+03	1.0138e-10
6.4575e+03	1.1214e-10
6.4600e+03	1.1031e-10
6.4624e+03	1.0579e-10
6.4648e+03	7.7388e-11
6.4673e+03	8.6317e-11
6.4697e+03	7.5434e-11
6.4722e+03	7.4603e-11
6.4746e+03	1.1258e-10
6.4771e+03	1.1846e-10
6.4795e+03	1.0435e-10
6.4819e+03	9.5067e-11
6.4844e+03	9.5601e-11
6.4868e+03	1.3211e-10
6.4893e+03	1.2527e-10
6.4917e+03	9.4463e-11
6.4941e+03	1.0850e-10
6.4966e+03	1.1068e-10
6.4990e+03	1.1047e-10
6.5015e+03	8.7791e-11
6.5039e+03	1.0222e-10
6.5063e+03	1.0111e-10
6.5088e+03	1.1113e-10
6.5112e+03	1.3166e-10
6.5137e+03	1.1287e-10
6.5161e+03	9.8931e-11
6.5186e+03	9.9996e-11
6.5210e+03	1.0162e-10
6.5234e+03	1.0158e-10
6.5259e+03	1.3547e-10
6.5283e+03	9.4944e-11
6.5308e+03	8.4411e-11
6.5332e+03	1.1792e-10
6.5356e+03	9.8556e-11
6.5381e+03	7.9147e-11
6.5405e+03	9.8458e-11
6.5430e+03	9.7951e-11
6.5454e+03	9.0856e-11
6.5479e+03	9.5055e-11
6.5503e+03	1.0399e-10
6.5527e+03	1.1712e-10
6.5552e+03	1.0538e-10
6.5576e+03	1.0011e-10
6.5601e+03	8.8627e-11
6.5625e+03	8.8926e-11
6.5649e+03	1.0791e-10
6.5674e+03	1.0824e-10
6.5698e+03	1.0929e-10
6.5723e+03	9.3074e-11
6.5747e+03	1.0163e-10
6.5771e+03	1.0932e-10
6.5796e+03	1.0130e-10
6.5820e+03	1.0206e-10
6.5845e+03	8.9764e-11
6.5869e+03	8.5027e-11
6.5894e+03	1.0869e-10
6.5918e+03	1.1314e-10
6.5942e+03	9.5589e-11
6.5967e+03	8.3239e-11
6.5991e+03	1.0492e-10
6.6016e+03	1.1218e-10
6.6040e+03	9.4368e-11
6.6064e+03	8.8521e-11
6.6089e+03	1.0215e-10
6.6113e+03	1.1082e-10
6.6138e+03	1.1576e-10
6.6162e+03	1.2777e-10
6.6187e+03	1.3397e-10
6.6211e+03	1.2895e-10
6.6235e+03	1.1607e-10
6.6260e+03	1.1305e-10
6.6284e+03	9.9045e-11
6.6309e+03	1.0274e-10
6.6333e+03	9.8413e-11
6.6357e+03	1.0636e-10
6.6382e+03	1.0472e-10
6.6406e+03	1.0099e-10
6.6431e+03	1.1748e-10
6.6455e+03	9.6145e-11
6.6479e+03	9.7275e-11
6.6504e+03	1.1583e-10
6.6528e+03	1.2535e-10
6.6553e+03	1.2493e-10
6.6577e+03	1.0468e-10
6.6602e+03	9.3975e-11
6.6626e+03	1.2137e-10
6.6650e+03	1.1207e-10
6.6675e+03	1.1332e-10
6.6699e+03	1.2519e-10
6.6724e+03	8.9572e-11
6.6748e+03	8.4744e-11
6.6772e+03	1.1154e-10
6.6797e+03	9.2661e-11
6.6821e+03	1.1209e-10
6.6846e+03	1.1697e-10
6.6870e+03	9.7862e-11
6.6895e+03	7.8235e-11
6.6919e+03	9.2472e-11
6.6943e+03	1.1192e-10
6.6968e+03	1.1468e-10
6.6992e+03	9.6491e-11
6.7017e+03	9.7383e-11
6.7041e+03	1.0496e-10
6.7065e+03	1.0066e-10
6.7090e+03	8.0462e-11
6.7114e+03	1.1101e-10
6.7139e+03	1.0786e-10
6.7163e+03	9.8482e-11
6.7188e+03	9.7338e-11
6.7212e+03	8.7339e-11
6.7236e+03	1.0496e-10
6.7261e+03	9.6268e-11
6.7285e+03	8.8708e-11
6.7310e+03	1.1254e-10
6.7334e+03	1.1105e-10
6.7358e+03	8.6469e-11
6.7383e+03	7.6248e-11
6.7407e+03	1.1538e-10
6.7432e+03	1.1384e-10
6.7456e+03	1.0046e-10
6.7480e+03	1.2018e-10
6.7505e+03	9.9286e-11
6.7529e+03	9.3466e-11
6.7554e+03	1.1935e-10
6.7578e+03	9.2640e-11
6.7603e+03	8.3693e-11
6.7627e+03	9.1281e-11
6.7651e+03	7.4388e-11
6.7676e+03	7.7607e-11
6.7700e+03	1.1256e-10
6.7725e+03	1.0112e-10
6.7749e+03	9.4357e-11
6.7773e+03	9.4819e-11
6.7798e+03	1.1712e-10
6.7822e+03	1.0314e-10
6.7847e+03	9.2615e-11
6.7871e+03	1.0441e-10
6.7896e+03	1.0539e-10
6.7920e+03	9.3521e-11
6.7944e+03	1.0509e-10
6.7969e+03	1.1796e-10
6.7993e+03	9.6011e-11
6.8018e+03	9.9353e-11
6.8042e+03	9.3757e-11
6.8066e+03	7.8374e-11
6.8091e+03	9.7754e-11
6.8115e+03	1.5366e-10
6.8140e+03	1.4336e-10
6.8164e+03	1.1996e-10
6.8188e+03	1.0685e-10
6.8213e+03	1.2600e-10
6.8237e+03	1.1677e-10
6.8262e+03	9.1736e-11
6.8286e+03	8.7925e-11
6.8311e+03	7.2126e-11
6.8335e+03	7.8349e-11
6.8359e+03	8.6352e-11
6.8384e+03	9.5517e-11
6.8408e+03	8.6867e-11
6.8433e+03	9.3980e-11
6.8457e+03	9.6934e-11
6.8481e+03	1.0381e-10
6.8506e+03	1.0597e-10
6.8530e+03	1.0768e-10
6.8555e+03	1.0569e-10
6.8579e+03	9.1145e-11
6.8604e+03	8.7990e-11
6.8628e+03	1.0657e-10
6.8652e+03	8.8216e-11
6.8677e+03	9.9037e-11
6.8701e+03	8.6329e-11
6.8726e+03	8.8061e-11
6.8750e+03	1.1553e-10
6.8774e+03	1.0296e-10
6.8799e+03	8.9642e-11
6.8823e+03	9.0933e-11
6.8848e+03	9.0680e-11
6.8872e+03	8.7962e-11
6.8896e+03	8.9881e-11
6.8921e+03	9.7488e-11
6.8945e+03	8.1146e-11
6.8970e+03	8.5695e-11
6.8994e+03	8.4020e-11
6.9019e+03	9.2267e-11
6.9043e+03	7.7381e-11
6.9067e+03	1.0168e-10
6.9092e+03	1.0545e-10
6.9116e+03	1.0624e-10
6.9141e+03	1.0813e-10
6.9165e+03	1.0524e-10
6.9189e+03	9.6582e-11
6.9214e+03	7.3125e-11
6.9238e+03	8.2674e-11
6.9263e+03	9.6815e-11
6.9287e+03	8.5114e-11
6.9312e+03	8.9405e-11
6.9336e+03	9.1299e-11
6.9360e+03	9.1498e-11
6.9385e+03	1.1553e-10
6.9409e+03	1.0516e-10
6.9434e+03	1.1360e-10
6.9458e+03	1.2067e-10
6.9482e+03	1.1044e-10
6.9507e+03	1.0902e-10
6.9531e+03	1.1087e-10
6.9556e+03	9.2819e-11
6.9580e+03	1.0457e-10
6.9604e+03	1.0829e-10
6.9629e+03	1.0500e-10
6.9653e+03	8.7812e-11
6.9678e+03	9.2811e-11
6.9702e+03	1.0641e-10
6.9727e+03	1.0405e-10
6.9751e+03	1.1430e-10
6.9775e+03	1.0485e-10
6.9800e+03	1.0194e-10
6.9824e+03	1.0036e-10
6.9849e+03	8.3888e-11
6.9873e+03	1.0474e-10
6.9897e+03	9.9879e-11
6.9922e+03	9.5505e-11
6.9946e+03	1.2270e-10
6.9971e+03	1.2808e-10
6.9995e+03	1.1357e-10
7.0020e+03	9.9321e-11
7.0044e+03	8.4731e-11
7.0068e+03	7.2059e-11
7.0093e+03	9.0821e-11
7.0117e+03	1.3426e-10
7.0142e+03	1.0340e-10
7.0166e+03	1.0530e-10
7.0190e+03	1.0115e-10
7.0215e+03	9.4664e-11
7.0239e+03	1.0605e-10
7.0264e+03	1.0245e-10
7.0288e+03	9.9773e-11
7.0312e+03	9.1593e-11
7.0337e+03	8.2967e-11
7.0361e+03	9.2892e-11
7.0386e+03	1.2533e-10
7.0410e+03	1.1508e-10
7.0435e+03	1.1958e-10
7.0459e+03	1.0348e-10
7.0483e+03	1.1647e-10
7.0508e+03	9.6937e-11
7.0532e+03	9.1522e-11
7.0557e+03	1.0960e-10
7.0581e+03	8.6021e-11
7.0605e+03	9.0685e-11
7.0630e+03	1.0592e-10
7.0654e+03	8.8458e-11
7.0679e+03	1.0615e-10
7.0703e+03	1.3381e-10
7.0728e+03	1.1271e-10
7.0752e+03	1.0740e-10
7.0776e+03	1.0821e-10
7.0801e+03	1.0673e-10
7.0825e+03	1.0624e-10
7.0850e+03	1.0206e-10
7.0874e+03	8.8905e-11
7.0898e+03	9.1591e-11
7.0923e+03	8.7091e-11
7.0947e+03	8.0591e-11
7.0972e+03	8.3259e-11
7.0996e+03	8.6935e-11
7.1021e+03	7.9530e-11
7.1045e+03	1.0247e-10
7.1069e+03	1.1651e-10
7.1094e+03	8.9737e-11
7.1118e+03	8.3289e-11
7.1143e+03	8.8461e-11
7.1167e+03	8.1308e-11
7.1191e+03	1.0010e-10
7.1216e+03	1.0188e-10
7.1240e+03	1.0273e-10
7.1265e+03	8.8305e-11
7.1289e+03	9.2646e-11
7.1313e+03	9.5339e-11
7.1338e+03	1.0584e-10
7.1362e+03	1.0687e-10
7.1387e+03	9.0753e-11
7.1411e+03	8.4315e-11
7.1436e+03	8.9246e-11
7.1460e+03	8.5389e-11
7.1484e+03	1.0532e-10
7.1509e+03	1.2009e-10
7.1533e+03	1.2109e-10
7.1558e+03	1.2545e-10
7.1582e+03	9.8570e-11
7.1606e+03	1.1502e-10
7.1631e+03	1.2260e-10
7.1655e+03	1.1200e-10
7.1680e+03	9.0551e-11
7.1704e+03	5.7170e-11
7.1729e+03	6.3650e-11
7.1753e+03	9.1771e-11
7.1777e+03	8.6871e-11
7.1802e+03	9.8686e-11
7.1826e+03	1.0043e-10
7.1851e+03	1.1190e-10
7.1875e+03	9.8060e-11
7.1899e+03	8.6639e-11
7.1924e+03	9.3639e-11
7.1948e+03	8.1223e-11
7.1973e+03	9.1289e-11
7.1997e+03	9.0469e-11
7.2021e+03	1.1885e-10
7.2046e+03	9.6458e-11
7.2070e+03	9.4988e-11
7.2095e+03	1.0670e-10
7.2119e+03	7.4352e-11
7.2144e+03	8.1968e-11
7.2168e+03	9.4754e-11
7.2192e+03	9.6022e-11
7.2217e+03	8.7894e-11
7.2241e+03	6.2769e-11
7.2266e+03	7.7998e-11
7.2290e+03	1.1976e-10
7.2314e+03	1.2369e-10
7.2339e+03	1.1190e-10
7.2363e+03	1.2492e-10
7.2388e+03	9.4474e-11
7.2412e+03	8.2413e-11
7.2437e+03	8.0174e-11
7.2461e+03	1.0305e-10
7.2485e+03	1.0378e-10
7.2510e+03	1.0907e-10
7.2534e+03	9.4987e-11
7.2559e+03	1.0126e-10
7.2583e+03	1.0713e-10
7.2607e+03	9.4821e-11
7.2632e+03	1.2148e-10
7.2656e+03	1.2852e-10
7.2681e+03	1.0061e-10
7.2705e+03	1.1058e-10
7.2729e+03	1.1968e-10
7.2754e+03	1.4326e-10
7.2778e+03	1.3524e-10
7.2803e+03	9.8011e-11
7.2827e+03	1.1538e-10
7.2852e+03	1.2169e-10
7.2876e+03	1.0268e-10
7.2900e+03	8.7891e-11
7.2925e+03	9.9999e-11
7.2949e+03	8.3283e-11
7.2974e+03	8.2047e-11
7.2998e+03	8.5077e-11
7.3022e+03	9.1505e-11
7.3047e+03	9.3859e-11
7.3071e+03	1.0360e-10
7.3096e+03	9.4021e-11
7.3120e+03	8.9004e-11
7.3145e+03	8.9715e-11
7.3169e+03	1.1089e-10
7.3193e+03	1.1345e-10
7.3218e+03	9.9417e-11
7.3242e+03	1.1235e-10
7.3267e+03	9.8456e-11
7.3291e+03	1.1503e-10
7.3315e+03	1.0970e-10
7.3340e+03	8.9545e-11
7.3364e+03	9.4264e-11
7.3389e+03	1.1033e-10
7.3413e+03	1.1573e-10
7.3438e+03	1.2433e-10
7.3462e+03	1.2672e-10
7.3486e+03	8.8700e-11
7.3511e+03	9.5973e-11
7.3535e+03	1.1550e-10
7.3560e+03	1.1810e-10
7.3584e+03	9.8948e-11
7.3608e+03	7.3114e-11
7.3633e+03	7.1036e-11
7.3657e+03	6.8521e-11
7.3682e+03	6.7578e-11
7.3706e+03	9.7274e-11
7.3730e+03	8.8254e-11
7.3755e+03	9.0360e-11
7.3779e+03	9.5418e-11
7.3804e+03	1.0071e-10
7.3828e+03	1.0006e-10
7.3853e+03	1.0797e-10
7.3877e+03	1.0013e-10
7.3901e+03	9.5491e-11
7.3926e+03	9.2257e-11
7.3950e+03	1.0284e-10
7.3975e+03	8.6278e-11
7.3999e+03	7.2619e-11
7.4023e+03	1.0810e-10
7.4048e+03	1.0849e-10
7.4072e+03	1.1336e-10
7.4097e+03	1.0249e-10
7.4121e+03	1.0652e-10
7.4146e+03	1.1216e-10
7.4170e+03	1.1607e-10
7.4194e+03	1.0764e-10
7.4219e+03	9.6263e-11
7.4243e+03	9.2223e-11
7.4268e+03	1.0685e-10
7.4292e+03	1.1814e-10
7.4316e+03	8.9083e-11
7.4341e+03	7.6312e-11
7.4365e+03	1.0505e-10
7.4390e+03	1.0694e-10
7.4414e+03	9.7861e-11
7.4438e+03	8.7352e-11
7.4463e+03	8.9618e-11
7.4487e+03	9.1677e-11
7.4512e+03	9.7010e-11
7.4536e+03	9.6944e-11
7.4561e+03	1.0158e-10
7.4585e+03	9.0872e-11
7.4609e+03	9.1111e-11
7.4634e+03	1.0458e-10
7.4658e+03	9.0721e-11
7.4683e+03	9.6160e-11
7.4707e+03	9.3547e-11
7.4731e+03	9.3760e-11
7.4756e+03	8.2290e-11
7.4780e+03	9.2177e-11
7.4805e+03	1.3350e-10
7.4829e+03	1.1776e-10
7.4854e+03	1.0981e-10
7.4878e+03	9.2906e-11
7.4902e+03	9.5030e-11
7.4927e+03	7.7226e-11
7.4951e+03	8.0936e-11
7.4976e+03	9.3464e-11
7.5000e+03	9.6440e-11
7.5024e+03	9.9257e-11
7.5049e+03	1.0468e-10
7.5073e+03	9.2523e-11
7.5098e+03	9.0486e-11
7.5122e+03	1.1102e-10
7.5146e+03	1.0923e-10
7.5171e+03	1.1656e-10
7.5195e+03	8.0664e-11
7.5220e+03	8.8364e-11
7.5244e+03	1.0485e-10
7.5269e+03	9.3253e-11
7.5293e+03	9.4601e-11
7.5317e+03	1.0846e-10
7.5342e+03	1.0705e-10
7.5366e+03	9.8808e-11
7.5391e+03	9.3066e-11
7.5415e+03	9.5467e-11
7.5439e+03	9.5244e-11
7.5464e+03	1.0507e-10
7.5488e+03	1.0441e-10
7.5513e+03	8.4621e-11
7.5537e+03	1.1098e-10
7.5562e+03	1.2269e-10
7.5586e+03	1.2417e-10
7.5610e+03	1.0358e-10
7.5635e+03	1.1074e-10
7.5659e+03	9.6487e-11
7.5684e+03	8.2034e-11
7.5708e+03	8.5148e-11
7.5732e+03	9.7871e-11
7.5757e+03	1.2123e-10
7.5781e+03	9.5113e-11
7.5806e+03	8.3814e-11
7.5830e+03	1.0186e-10
7.5854e+03	9.5005e-11
7.5879e+03	7.9699e-11
7.5903e+03	9.3802e-11
7.5928e+03	1.1883e-10
7.5952e+03	1.3289e-10
7.5977e+03	1.1242e-10
7.6001e+03	9.9828e-11
7.6025e+03	9.2423e-11
7.6050e+03	8.5148e-11
7.6074e+03	7.8137e-11
7.6099e+03	1.0334e-10
7.6123e+03	1.0983e-10
7.6147e+03	1.2191e-10
7.6172e+03	9.5581e-11
7.6196e+03	1.0404e-10
7.6221e+03	1.2368e-10
7.6245e+03	9.9394e-11
7.6270e+03	7.7981e-11
7.6294e+03	7.9810e-11
7.6318e+03	1.1148e-10
7.6343e+03	1.2544e-10
7.6367e+03	1.2432e-10
7.6392e+03	9.0201e-11
7.6416e+03	1.0661e-10
7.6440e+03	9.5788e-11
7.6465e+03	9.4885e-11
7.6489e+03	1.0034e-10
7.6514e+03	1.1046e-10
7.6538e+03	1.2934e-10
7.6562e+03	1.1336e-10
7.6587e+03	8.9571e-11
7.6611e+03	1.0489e-10
7.6636e+03	9.7471e-11
7.6660e+03	1.1191e-10
7.6685e+03	1.0460e-10
7.6709e+03	1.1574e-10
7.6733e+03	1.1986e-10
7.6758e+03	9.8269e-11
7.6782e+03	9.0277e-11
7.6807e+03	1.2181e-10
7.6831e+03	1.0694e-10
7.6855e+03	9.1592e-11
7.6880e+03	9.8566e-11
7.6904e+03	1.0122e-10
7.6929e+03	9.5687e-11
7.6953e+03	9.9927e-11
7.6978e+03	9.8347e-11
7.7002e+03	8.0960e-11
7.7026e+03	8.1581e-11
7.7051e+03	1.0697e-10
7.7075e+03	9.2553e-11
7.7100e+03	9.7485e-11
7.7124e+03	8.7239e-11
7.7148e+03	9.5220e-11
7.7173e+03	1.0986e-10
7.7197e+03	9.1418e-11
7.7222e+03	1.4266e-10
7.7246e+03	1.2889e-10
7.7271e+03	9.9469e-11
7.7295e+03	1.1540e-10
7.7319e+03	1.1267e-10
7.7344e+03	1.2229e-10
7.7368e+03	1.1454e-10
7.7393e+03	1.0699e-10
7.7417e+03	1.2430e-10
7.7441e+03	1.0132e-10
7.7466e+03	1.0743e-10
7.7490e+03	1.2113e-10
7.7515e+03	1.2092e-10
7.7539e+03	1.0519e-10
7.7563e+03	7.5153e-11
7.7588e+03	6.2677e-11
7.7612e+03	7.4183e-11
7.7637e+03	9.1158e-11
7.7661e+03	1.0581e-10
7.7686e+03	1.0450e-10
7.7710e+03	1.0094e-10
7.7734e+03	1.0135e-10
7.7759e+03	9.5684e-11
7.7783e+03	1.0905e-10
7.7808e+03	1.0745e-10
7.7832e+03	9.3648e-11
7.7856e+03	9.3037e-11
7.7881e+03	9.4617e-11
7.7905e+03	9.3362e-11
7.7930e+03	8.9239e-11
7.7954e+03	1.1558e-10
7.7979e+03	1.1534e-10
7.8003e+03	1.0113e-10
7.8027e+03	9.3852e-11
7.8052e+03	8.9577e-11
7.8076e+03	8.7619e-11
7.8101e+03	7.5345e-11
7.8125e+03	8.9708e-11
7.8149e+03	1.0550e-10
7.8174e+03	1.1105e-10
7.8198e+03	1.0554e-10
7.8223e+03	1.1195e-10
7.8247e+03	9.8513e-11
7.8271e+03	1.0422e-10
7.8296e+03	1.2781e-10
7.8320e+03	9.5355e-11
7.8345e+03	8.1340e-11
7.8369e+03	9.6275e-11
7.8394e+03	9.1845e-11
7.8418e+03	7.1345e-11
7.8442e+03	8.1438e-11
7.8467e+03	8.1104e-11
7.8491e+03	1.2165e-10
7.8516e+03	1.2644e-10
7.8540e+03	1.0781e-10
7.8564e+03	8.9402e-11
7.8589e+03	1.0587e-10
7.8613e+03	1.2541e-10
7.8638e+03	1.0002e-10
7.8662e+03	8.7355e-11
7.8687e+03	8.3208e-11
7.8711e+03	1.0012e-10
7.8735e+03	9.8711e-11
7.8760e+03	9.3586e-11
7.8784e+03	1.0910e-10
7.8809e+03	1.0966e-10
7.8833e+03	8.0826e-11
7.8857e+03	7.9292e-11
7.8882e+03	1.2123e-10
7.8906e+03	1.1642e-10
7.8931e+03	9.9275e-11
7.8955e+03	9.8537e-11
7.8979e+03	1.1374e-10
7.9004e+03	1.3259e-10
7.9028e+03	9.5776e-11
7.9053e+03	1.1460e-10
7.9077e+03	1.1996e-10
7.9102e+03	1.2416e-10
7.9126e+03	1.3133e-10
7.9150e+03	1.1143e-10
7.9175e+03	9.8390e-11
7.9199e+03	8.5511e-11
7.9224e+03	8.8959e-11
7.9248e+03	9.4086e-11
7.9272e+03	1.0224e-10
7.9297e+03	1.2877e-10
7.9321e+03	9.7275e-11
7.9346e+03	1.0188e-10
7.9370e+03	9.8339e-11
7.9395e+03	8.6866e-11
7.9419e+03	1.0645e-10
7.9443e+03	1.2735e-10
7.9468e+03	9.8701e-11
7.9492e+03	8.5109e-11
7.9517e+03	1.0590e-10
7.9541e+03	1.1578e-10
7.9565e+03	1.1361e-10
7.9590e+03	1.0613e-10
7.9614e+03	9.7162e-11
7.9639e+03	9.7256e-11
7.9663e+03	1.0831e-10
7.9688e+03	9.9095e-11
7.9712e+03	8.5747e-11
7.9736e+03	1.0034e-10
7.9761e+03	1.0586e-10
7.9785e+03	1.0025e-10
7.9810e+03	8.6199e-11
7.9834e+03	8.7187e-11
7.9858e+03	7.5875e-11
7.9883e+03	9.5995e-11
7.9907e+03	9.9007e-11
7.9932e+03	8.2801e-11
7.9956e+03	8.5133e-11
7.9980e+03	9.8123e-11
8.0005e+03	1.0862e-10
8.0029e+03	1.0072e-10
8.0054e+03	1.0350e-10
8.0078e+03	1.1179e-10
8.0103e+03	1.0595e-10
8.0127e+03	9.7185e-11
8.0151e+03	1.0859e-10
8.0176e+03	1.0582e-10
8.0200e+03	9.0409e-11
8.0225e+03	1.0019e-10
8.0249e+03	1.0755e-10
8.0273e+03	9.4784e-11
8.0298e+03	1.0789e-10
8.0322e+03	1.2100e-10
8.0347e+03	8.9650e-11
8.0371e+03	8.3307e-11
8.0396e+03	1.1663e-10
8.0420e+03	1.1872e-10
8.0444e+03	1.1579e-10
8.0469e+03	8.8861e-11
8.0493e+03	8.5998e-11
8.0518e+03	8.4274e-11
8.0542e+03	9.1550e-11
8.0566e+03	9.7357e-11
8.0591e+03	8.8741e-11
8.0615e+03	1.1363e-10
8.0640e+03	1.1766e-10
8.0664e+03	1.0515e-10
8.0688e+03	1.2780e-10
8.0713e+03	1.3434e-10
8.0737e+03	1.1695e-10
8.0762e+03	1.1035e-10
8.0786e+03	1.0693e-10
8.0811e+03	1.0991e-10
8.0835e+03	1.0963e-10
8.0859e+03	1.1689e-10
8.0884e+03	1.1252e-10
8.0908e+03	1.0048e-10
8.0933e+03	1.0195e-10
8.0957e+03	1.0203e-10
8.0981e+03	1.0078e-10
8.1006e+03	9.3849e-11
8.1030e+03	9.4786e-11
8.1055e+03	1.1921e-10
8.1079e+03	1.2604e-10
8.1104e+03	1.0464e-10
8.1128e+03	9.1179e-11
8.1152e+03	8.6845e-11
8.1177e+03	8.5896e-11
8.1201e+03	1.0335e-10
8.1226e+03	8.9785e-11
8.1250e+03	8.1501e-11
8.1274e+03	1.1587e-10
8.1299e+03	1.0387e-10
8.1323e+03	8.8637e-11
8.1348e+03	1.1650e-10
8.1372e+03	1.1976e-10
8.1396e+03	1.0314e-10
8.1421e+03	9.7355e-11
8.1445e+03	7.9522e-11
8.1470e+03	1.0601e-10
8.1494e+03	1.0119e-10
8.1519e+03	1.2062e-10
8.1543e+03	1.1602e-10
8.1567e+03	1.0330e-10
8.1592e+03	1.0852e-10
8.1616e+03	1.0494e-10
8.1641e+03	1.2296e-10
8.1665e+03	1.2523e-10
8.1689e+03	1.1176e-10
8.1714e+03	1.0816e-10
8.1738e+03	1.0635e-10
8.1763e+03	1.1415e-10
8.1787e+03	9.7942e-11
8.1812e+03	1.0195e-10
8.1836e+03	9.2045e-11
8.1860e+03	9.0945e-11
8.1885e+03	9.4740e-11
8.1909e+03	1.0709e-10
8.1934e+03	9.5312e-11
8.1958e+03	8.3562e-11
8.1982e+03	1.3566e-10
8.2007e+03	1.4037e-10
8.2031e+03	1.1959e-10
8.2056e+03	1.0466e-10
8.2080e+03	8.4406e-11
8.2104e+03	9.0227e-11
8.2129e+03	9.1936e-11
8.2153e+03	1.0915e-10
8.2178e+03	9.1782e-11
8.2202e+03	8.6179e-11
8.2227e+03	9.2184e-11
8.2251e+03	1.0570e-10
8.2275e+03	1.2224e-10
8.2300e+03	1.1025e-10
8.2324e+03	7.5235e-11
8.2349e+03	6.8509e-11
8.2373e+03	8.4496e-11
8.2397e+03	1.0005e-10
8.2422e+03	9.4944e-11
8.2446e+03	9.6660e-11
8.2471e+03	1.0050e-10
8.2495e+03	9.9882e-11
8.2520e+03	1.0006e-10
8.2544e+03	8.0666e-11
8.2568e+03	9.7356e-11
8.2593e+03	8.9063e-11
8.2617e+03	8.6698e-11
8.2642e+03	8.5742e-11
8.2666e+03	9.4868e-11
8.2690e+03	8.7490e-11
8.2715e+03	9.9428e-11
8.2739e+03	9.6904e-11
8.2764e+03	1.0917e-10
8.2788e+03	1.1656e-10
8.2812e+03	8.3490e-11
8.2837e+03	7.2107e-11
8.2861e+03	8.6419e-11
8.2886e+03	1.0518e-10
8.2910e+03	1.1840e-10
8.2935e+03	7.3068e-11
8.2959e+03	9.0348e-11
8.2983e+03	1.1185e-10
8.3008e+03	1.0343e-10
8.3032e+03	1.1691e-10
8.3057e+03	1.0537e-10
8.3081e+03	6.9449e-11
8.3105e+03	1.0741e-10
8.3130e+03	9.3346e-11
8.3154e+03	9.3572e-11
8.3179e+03	1.0290e-10
8.3203e+03	1.0240e-10
8.3228e+03	1.1776e-10
8.3252e+03	1.0806e-10
8.3276e+03	8.3676e-11
8.3301e+03	1.0089e-10
8.3325e+03	1.0816e-10
8.3350e+03	1.1419e-10
8.3374e+03	1.1064e-10
8.3398e+03	1.1160e-10
8.3423e+03	1.0459e-10
8.3447e+03	9.2207e-11
8.3472e+03	1.0348e-10
8.3496e+03	9.9370e-11
8.3521e+03	1.1025e-10
8.3545e+03	8.8770e-11
8.3569e+03	8.9165e-11
8.3594e+03	1.1279e-10
8.3618e+03	1.0143e-10
8.3643e+03	1.1698e-10
8.3667e+03	1.3387e-10
8.3691e+03	1.2425e-10
8.3716e+03	1.1297e-10
8.3740e+03	9.8446e-11
8.3765e+03	1.1676e-10
8.3789e+03	1.2091e-10
8.3813e+03	1.0196e-10
8.3838e+03	1.1845e-10
8.3862e+03	9.8925e-11
8.3887e+03	8.5095e-11
8.3911e+03	8.5161e-11
8.3936e+03	9.6073e-11
8.3960e+03	1.0909e-10
8.3984e+03	9.8453e-11
8.4009e+03	8.0187e-11
8.4033e+03	9.6739e-11
8.4058e+03	1.0337e-10
8.4082e+03	1.0702e-10
8.4106e+03	1.0972e-10
8.4131e+03	7.3035e-11
8.4155e+03	9.5314e-11
8.4180e+03	8.4736e-11
8.4204e+03	1.0450e-10
8.4229e+03	1.3471e-10
8.4253e+03	8.9302e-11
8.4277e+03	8.8106e-11
8.4302e+03	1.0078e-10
8.4326e+03	1.0927e-10
8.4351e+03	1.1135e-10
8.4375e+03	1.0056e-10
8.4399e+03	9.7467e-11
8.4424e+03	9.7836e-11
8.4448e+03	7.3849e-11
8.4473e+03	8.4476e-11
8.4497e+03	1.0783e-10
8.4521e+03	1.0151e-10
8.4546e+03	1.0158e-10
8.4570e+03	9.5139e-11
8.4595e+03	1.1188e-10
8.4619e+03	1.0126e-10
8.4644e+03	9.1749e-11
8.4668e+03	1.0876e-10
8.4692e+03	1.3818e-10
8.4717e+03	1.0549e-10
8.4741e+03	8.8233e-11
8.4766e+03	1.1451e-10
8.4790e+03	1.2550e-10
8.4814e+03	1.1640e-10
8.4839e+03	9.6031e-11
8.4863e+03	7.5920e-11
8.4888e+03	7.9527e-11
8.4912e+03	8.2741e-11
8.4937e+03	1.0109e-10
8.4961e+03	1.0064e-10
8.4985e+03	9.6771e-11
8.5010e+03	1.1392e-10
8.5034e+03	9.8818e-11
8.5059e+03	1.0593e-10
8.5083e+03	1.0168e-10
8.5107e+03	1.0686e-10
8.5132e+03	1.1692e-10
8.5156e+03	1.0911e-10
8.5181e+03	1.2206e-10
8.5205e+03	8.8471e-11
8.5229e+03	9.0471e-11
8.5254e+03	9.9557e-11
8.5278e+03	7.7778e-11
8.5303e+03	7.6560e-11
8.5327e+03	8.8168e-11
8.5352e+03	9.3510e-11
8.5376e+03	8.7816e-11
8.5400e+03	8.2771e-11
8.5425e+03	7.0177e-11
8.5449e+03	9.7976e-11
8.5474e+03	1.0599e-10
8.5498e+03	1.0348e-10
8.5522e+03	9.6480e-11
8.5547e+03	1.0297e-10
8.5571e+03	6.9439e-11
8.5596e+03	9.5545e-11
8.5620e+03	8.0382e-11
8.5645e+03	1.0994e-10
8.5669e+03	1.0240e-10
8.5693e+03	9.3228e-11
8.5718e+03	1.1458e-10
8.5742e+03	9.1920e-11
8.5767e+03	1.0374e-10
8.5791e+03	1.0347e-10
8.5815e+03	8.6532e-11
8.5840e+03	8.3678e-11
8.5864e+03	7.5625e-11
8.5889e+03	9.7693e-11
8.5913e+03	7.9284e-11
8.5938e+03	9.1839e-11
8.5962e+03	1.1677e-10
8.5986e+03	1.1004e-10
8.6011e+03	1.1561e-10
8.6035e+03	9.9048e-11
8.6060e+03	9.2253e-11
8.6084e+03	9.6390e-11
8.6108e+03	7.9159e-11
8.6133e+03	8.5694e-11
8.6157e+03	1.0598e-10
8.6182e+03	9.1127e-11
8.6206e+03	8.9384e-11
8.6230e+03	8.5866e-11
8.6255e+03	8.7783e-11
8.6279e+03	9.6962e-11
8.6304e+03	1.0588e-10
8.6328e+03	1.0513e-10
8.6353e+03	8.9489e-11
8.6377e+03	1.0546e-10
8.6401e+03	8.4737e-11
8.6426e+03	8.7207e-11
8.6450e+03	1.1097e-10
8.6475e+03	1.1535e-10
8.6499e+03	1.0204e-10
8.6523e+03	9.9686e-11
8.6548e+03	9.2255e-11
8.6572e+03	9.8076e-11
8.6597e+03	1.0761e-10
8.6621e+03	8.4268e-11
8.6646e+03	8.2908e-11
8.6670e+03	8.8784e-11
8.6694e+03	9.0788e-11
8.6719e+03	9.2404e-11
8.6743e+03	8.4164e-11
8.6768e+03	8.3592e-11
8.6792e+03	6.7972e-11
8.6816e+03	9.1068e-11
8.6841e+03	1.2746e-10
8.6865e+03	1.6424e-10
8.6890e+03	1.3338e-10
8.6914e+03	1.0425e-10
8.6938e+03	1.1540e-10
8.6963e+03	1.0237e-10
8.6987e+03	8.2195e-11
8.7012e+03	8.1547e-11
8.7036e+03	9.2672e-11
8.7061e+03	1.0013e-10
8.7085e+03	9.9247e-11
8.7109e+03	1.0298e-10
8.7134e+03	8.3967e-11
8.7158e+03	7.3817e-11
8.7183e+03	9.4986e-11
8.7207e+03	7.6951e-11
8.7231e+03	8.1011e-11
8.7256e+03	1.1050e-10
8.7280e+03	8.9771e-11
8.7305e+03	9.7644e-11
8.7329e+03	1.0651e-10
8.7354e+03	1.0638e-10
8.7378e+03	9.6314e-11
8.7402e+03	9.7063e-11
8.7427e+03	8.7508e-11
8.7451e+03	9.2000e-11
8.7476e+03	8.7911e-11
8.7500e+03	7.8055e-11
8.7524e+03	1.0839e-10
8.7549e+03	1.0127e-10
8.7573e+03	1.0519e-10
8.7598e+03	8.6743e-11
8.7622e+03	9.8287e-11
8.7646e+03	1.1645e-10
8.7671e+03	1.2095e-10
8.7695e+03	9.0783e-11
8.7720e+03	8.5644e-11
8.7744e+03	8.8540e-11
8.7769e+03	1.0861e-10
8.7793e+03	1.1838e-10
8.7817e+03	1.1017e-10
8.7842e+03	1.0575e-10
8.7866e+03	8.8617e-11
8.7891e+03	1.0234e-10
8.7915e+03	1.1666e-10
8.7939e+03	9.0499e-11
8.7964e+03	7.8925e-11
8.7988e+03	9.5458e-11
8.8013e+03	1.2122e-10
8.8037e+03	1.2842e-10
8.8062e+03	1.0440e-10
8.8086e+03	9.9230e-11
8.8110e+03	1.0826e-10
8.8135e+03	1.2095e-10
8.8159e+03	1.0621e-10
8.8184e+03	1.0863e-10
8.8208e+03	1.1420e-10
8.8232e+03	1.0291e-10
8.8257e+03	1.0718e-10
8.8281e+03	1.2085e-10
8.8306e+03	1.2841e-10
8.8330e+03	1.1114e-10
8.8354e+03	1.2421e-10
8.8379e+03	1.2065e-10
8.8403e+03	9.7148e-11
8.8428e+03	7.5450e-11
8.8452e+03	1.1501e-10
8.8477e+03	1.2913e-10
8.8501e+03	1.2324e-10
8.8525e+03	1.1260e-10
8.8550e+03	1.0069e-10
8.8574e+03	1.0864e-10
8.8599e+03	1.1185e-10
8.8623e+03	1.1704e-10
8.8647e+03	1.3042e-10
8.8672e+03	1.1579e-10
8.8696e+03	9.1112e-11
8.8721e+03	8.5746e-11
8.8745e+03	8.1942e-11
8.8770e+03	7.3818e-11
8.8794e+03	9.3659e-11
8.8818e+03	1.0325e-10
8.8843e+03	9.5262e-11
8.8867e+03	9.0365e-11
8.8892e+03	7.7768e-11
8.8916e+03	9.6326e-11
8.8940e+03	1.0893e-10
8.8965e+03	1.2889e-10
8.8989e+03	1.1774e-10
8.9014e+03	1.0468e-10
8.9038e+03	1.0745e-10
8.9062e+03	1.1672e-10
8.9087e+03	8.8150e-11
8.9111e+03	9.6549e-11
8.9136e+03	1.0761e-10
8.9160e+03	8.5943e-11
8.9185e+03	8.7283e-11
8.9209e+03	8.4260e-11
8.9233e+03	1.0277e-10
8.9258e+03	1.0889e-10
8.9282e+03	1.0307e-10
8.9307e+03	1.1533e-10
8.9331e+03	1.0964e-10
8.9355e+03	1.1596e-10
8.9380e+03	1.1664e-10
8.9404e+03	9.9032e-11
8.9429e+03	1.0284e-10
8.9453e+03	9.8503e-11
8.9478e+03	1.0774e-10
8.9502e+03	1.1297e-10
8.9526e+03	9.2485e-11
8.9551e+03	7.8544e-11
8.9575e+03	1.0066e-10
8.9600e+03	9.3202e-11
8.9624e+03	8.5099e-11
8.9648e+03	8.5139e-11
8.9673e+03	9.4830e-11
8.9697e+03	8.8370e-11
8.9722e+03	1.0057e-10
8.9746e+03	9.8395e-11
8.9771e+03	9.0816e-11
8.9795e+03	7.9273e-11
8.9819e+03	8.8007e-11
8.9844e+03	1.0700e-10
8.9868e+03	1.2350e-10
8.9893e+03	1.0778e-10
8.9917e+03	8.4463e-11
8.9941e+03	9.3267e-11
8.9966e+03	1.0819e-10
8.9990e+03	9.3443e-11
9.0015e+03	8.2291e-11
9.0039e+03	8.2794e-11
9.0063e+03	6.7934e-11
9.0088e+03	7.7337e-11
9.0112e+03	9.3083e-11
9.0137e+03	9.0279e-11
9.0161e+03	7.3700e-11
9.0186e+03	8.9938e-11
9.0210e+03	1.0009e-10
9.0234e+03	9.0508e-11
9.0259e+03	9.5685e-11
9.0283e+03	9.9190e-11
9.0308e+03	9.3684e-11
9.0332e+03	8.2579e-11
9.0356e+03	8.1903e-11
9.0381e+03	9.8739e-11
9.0405e+03	8.3556e-11
9.0430e+03	9.6474e-11
9.0454e+03	9.2765e-11
9.0479e+03	1.0773e-10
9.0503e+03	1.0682e-10
9.0527e+03	9.7907e-11
9.0552e+03	9.5253e-11
9.0576e+03	1.0217e-10
9.0601e+03	1.1591e-10
9.0625e+03	8.9011e-11
9.0649e+03	8.5470e-11
9.0674e+03	1.0872e-10
9.0698e+03	9.7820e-11
9.0723e+03	1.2513e-10
9.0747e+03	1.3138e-10
9.0771e+03	1.1205e-10
9.0796e+03	1.1175e-10
9.0820e+03	1.1727e-10
9.0845e+03	1.0319e-10
9.0869e+03	8.7395e-11
9.0894e+03	1.0706e-10
9.0918e+03	1.0206e-10
9.0942e+03	9.4659e-11
9.0967e+03	8.5043e-11
9.0991e+03	1.1485e-10
9.1016e+03	9.5330e-11
9.1040e+03	9.5261e-11
9.1064e+03	1.1621e-10
9.1089e+03	1.5127e-10
9.1113e+03	1.3394e-10
9.1138e+03	1.0166e-10
9.1162e+03	7.4319e-11
9.1187e+03	7.0455e-11
9.1211e+03	7.6179e-11
9.1235e+03	9.0922e-11
9.1260e+03	9.9452e-11
9.1284e+03	1.2211e-10
9.1309e+03	1.3410e-10
9.1333e+03	1.0848e-10
9.1357e+03	9.1966e-11
9.1382e+03	1.0083e-10
9.1406e+03	9.5763e-11
9.1431e+03	9.7088e-11
9.1455e+03	8.9806e-11
9.1479e+03	9.3285e-11
9.1504e+03	1.0128e-10
9.1528e+03	1.0552e-10
9.1553e+03	9.0387e-11
9.1577e+03	9.0627e-11
9.1602e+03	1.1074e-10
9.1626e+03	1.0345e-10
9.1650e+03	1.0922e-10
9.1675e+03	1.1213e-10
9.1699e+03	1.1885e-10
9.1724e+03	1.0431e-10
9.1748e+03	9.2383e-11
9.1772e+03	9.9405e-11
9.1797e+03	8.7332e-11
9.1821e+03	8.7260e-11
9.1846e+03	7.1149e-11
9.1870e+03	8.3209e-11
9.1895e+03	1.0406e-10
9.1919e+03	1.1248e-10
9.1943e+03	9.9172e-11
9.1968e+03	9.1479e-11
9.1992e+03	8.0182e-11
9.2017e+03	1.0003e-10
9.2041e+03	1.2335e-10
9.2065e+03	1.0750e-10
9.2090e+03	9.0758e-11
9.2114e+03	9.0655e-11
9.2139e+03	8.4686e-11
9.2163e+03	1.0384e-10
9.2188e+03	8.7455e-11
9.2212e+03	9.6242e-11
9.2236e+03	1.2257e-10
9.2261e+03	1.0626e-10
9.2285e+03	9.2349e-11
9.2310e+03	8.8267e-11
9.2334e+03	8.3802e-11
9.2358e+03	8.4270e-11
9.2383e+03	9.7784e-11
9.2407e+03	8.5057e-11
9.2432e+03	9.2244e-11
9.2456e+03	1.0346e-10
9.2480e+03	7.4193e-11
9.2505e+03	9.5615e-11
9.2529e+03	1.1315e-10
9.2554e+03	9.3362e-11
9.2578e+03	1.0268e-10
9.2603e+03	1.0822e-10
9.2627e+03	8.8030e-11
9.2651e+03	1.0286e-10
9.2676e+03	1.0038e-10
9.2700e+03	1.1229e-10
9.2725e+03	1.1055e-10
9.2749e+03	1.0033e-10
9.2773e+03	1.0865e-10
9.2798e+03	1.1351e-10
9.2822e+03	1.0044e-10
9.2847e+03	9.9479e-11
9.2871e+03	9.5303e-11
9.2896e+03	9.9767e-11
9.2920e+03	1.3684e-10
9.2944e+03	1.2117e-10
9.2969e+03	9.9039e-11
9.2993e+03	8.9555e-11
9.3018e+03	9.0972e-11
9.3042e+03	9.3098e-11
9.3066e+03	9.7844e-11
9.3091e+03	9.7781e-11
9.3115e+03	9.2150e-11
9.3140e+03	7.5302e-11
9.3164e+03	9.1423e-11
9.3188e+03	1.1348e-10
9.3213e+03	1.1868e-10
9.3237e+03	9.5474e-11
9.3262e+03	8.7092e-11
9.3286e+03	9.5731e-11
9.3311e+03	9.3929e-11
9.3335e+03	9.2068e-11
9.3359e+03	1.0471e-10
9.3384e+03	1.1190e-10
9.3408e+03	1.3995e-10
9.3433e+03	1.2120e-10
9.3457e+03	1.0182e-10
9.3481e+03	9.7749e-11
9.3506e+03	8.5747e-11
9.3530e+03	8.4066e-11
9.3555e+03	7.8838e-11
9.3579e+03	7.1616e-11
9.3604e+03	8.6607e-11
9.3628e+03	1.1072e-10
9.3652e+03	1.1185e-10
9.3677e+03	1.1207e-10
9.3701e+03	1.2346e-10
9.3726e+03	9.4997e-11
9.3750e+03	7.3793e-11
9.3774e+03	8.0188e-11
9.3799e+03	8.7456e-11
9.3823e+03	7.7335e-11
9.3848e+03	8.8405e-11
9.3872e+03	9.8206e-11
9.3896e+03	1.1258e-10
9.3921e+03	9.7460e-11
9.3945e+03	9.5767e-11
9.3970e+03	1.0295e-10
9.3994e+03	1.0259e-10
9.4019e+03	1.0689e-10
9.4043e+03	1.0282e-10
9.4067e+03	7.1317e-11
9.4092e+03	9.3975e-11
9.4116e+03	1.0432e-10
9.4141e+03	9.2461e-11
9.4165e+03	1.0164e-10
9.4189e+03	1.0297e-10
9.4214e+03	9.5822e-11
9.4238e+03	1.0020e-10
9.4263e+03	1.0271e-10
9.4287e+03	9.4133e-11
9.4312e+03	1.2458e-10
9.4336e+03	1.0770e-10
9.4360e+03	1.0222e-10
9.4385e+03	7.6877e-11
9.4409e+03	9.6207e-11
9.4434e+03	9.2048e-11
9.4458e+03	7.8648e-11
9.4482e+03	7.8611e-11
9.4507e+03	9.2639e-11
9.4531e+03	9.8340e-11
9.4556e+03	9.5345e-11
9.4580e+03	1.1778e-10
9.4604e+03	1.1201e-10
9.4629e+03	1.0114e-10
9.4653e+03	8.7939e-11
9.4678e+03	8.9438e-11
9.4702e+03	1.0058e-10
9.4727e+03	1.2547e-10
9.4751e+03	1.1793e-10
9.4775e+03	8.4667e-11
9.4800e+03	6.5717e-11
9.4824e+03	8.7972e-11
9.4849e+03	1.0253e-10
9.4873e+03	9.2195e-11
9.4897e+03	9.9485e-11
9.4922e+03	1.0648e-10
9.4946e+03	8.7595e-11
9.4971e+03	7.5449e-11
9.4995e+03	8.9388e-11
9.5020e+03	9.7134e-11
9.5044e+03	8.5606e-11
9.5068e+03	9.0855e-11
9.5093e+03	1.0222e-10
9.5117e+03	9.8068e-11
9.5142e+03	1.2102e-10
9.5166e+03	1.2489e-10
9.5190e+03	9.2621e-11
9.5215e+03	1.0202e-10
9.5239e+03	1.0954e-10
9.5264e+03	9.2305e-11
9.5288e+03	8.2872e-11
9.5312e+03	1.1021e-10
9.5337e+03	1.1825e-10
9.5361e+03	1.1314e-10
9.5386e+03	8.8025e-11
9.5410e+03	9.9737e-11
9.5435e+03	1.0237e-10
9.5459e+03	9.3523e-11
9.5483e+03	1.0121e-10
9.5508e+03	1.0565e-10
9.5532e+03	8.7700e-11
9.5557e+03	8.1497e-11
9.5581e+03	9.1788e-11
9.5605e+03	9.4492e-11
9.5630e+03	1.0674e-10
9.5654e+03	1.1337e-10
9.5679e+03	8.6216e-11
9.5703e+03	8.3980e-11
9.5728e+03	1.0167e-10
9.5752e+03	9.5487e-11
9.5776e+03	9.1288e-11
9.5801e+03	1.0465e-10
9.5825e+03	1.0456e-10
9.5850e+03	1.2885e-10
9.5874e+03	1.2898e-10
9.5898e+03	1.0406e-10
9.5923e+03	8.2123e-11
9.5947e+03	7.8970e-11
9.5972e+03	9.1342e-11
9.5996e+03	8.8641e-11
9.6021e+03	1.0854e-10
9.6045e+03	1.1884e-10
9.6069e+03	8.9633e-11
9.6094e+03	9.9541e-11
9.6118e+03	8.9367e-11
9.6143e+03	8.3779e-11
9.6167e+03	8.8420e-11
9.6191e+03	7.5213e-11
9.6216e+03	8.0605e-11
9.6240e+03	8.2539e-11
9.6265e+03	9.8767e-11
9.6289e+03	9.0428e-11
9.6313e+03	8.4661e-11
9.6338e+03	1.1001e-10
9.6362e+03	1.0030e-10
9.6387e+03	1.1057e-10
9.6411e+03	1.1452e-10
9.6436e+03	9.5687e-11
9.6460e+03	1.2386e-10
9.6484e+03	1.2943e-10
9.6509e+03	9.5191e-11
9.6533e+03	9.4608e-11
9.6558e+03	8.2453e-11
9.6582e+03	1.0401e-10
9.6606e+03	1.1309e-10
9.6631e+03	9.8263e-11
9.6655e+03	1.0148e-10
9.6680e+03	9.8370e-11
9.6704e+03	7.6668e-11
9.6729e+03	7.0018e-11
9.6753e+03	8.8835e-11
9.6777e+03	1.0921e-10
9.6802e+03	8.5635e-11
9.6826e+03	1.1537e-10
9.6851e+03	1.4894e-10
9.6875e+03	1.1505e-10
9.6899e+03	8.5042e-11
9.6924e+03	8.2768e-11
9.6948e+03	9.3147e-11
9.6973e+03	7.5558e-11
9.6997e+03	8.0065e-11
9.7021e+03	1.1612e-10
9.7046e+03	1.0117e-10
9.7070e+03	1.1070e-10
9.7095e+03	1.0145e-10
9.7119e+03	1.1748e-10
9.7144e+03	1.0524e-10
9.7168e+03	1.1914e-10
9.7192e+03	1.3902e-10
9.7217e+03	1.1293e-10
9.7241e+03	8.1787e-11
9.7266e+03	1.0208e-10
9.7290e+03	1.0548e-10
9.7314e+03	1.0154e-10
9.7339e+03	9.7896e-11
9.7363e+03	9.2528e-11
9.7388e+03	9.2186e-11
9.7412e+03	7.5891e-11
9.7437e+03	9.9889e-11
9.7461e+03	1.1062e-10
9.7485e+03	9.5626e-11
9.7510e+03	1.1775e-10
9.7534e+03	8.2770e-11
9.7559e+03	8.6298e-11
9.7583e+03	1.0585e-10
9.7607e+03	1.3140e-10
9.7632e+03	1.0516e-10
9.7656e+03	8.4660e-11
9.7681e+03	1.0879e-10
9.7705e+03	1.0631e-10
9.7729e+03	1.1105e-10
9.7754e+03	1.3007e-10
9.7778e+03	1.1894e-10
9.7803e+03	9.6453e-11
9.7827e+03	7.6430e-11
9.7852e+03	6.5635e-11
9.7876e+03	9.7831e-11
9.7900e+03	9.1492e-11
9.7925e+03	9.2488e-11
9.7949e+03	1.1302e-10
9.7974e+03	1.0289e-10
9.7998e+03	1.2712e-10
9.8022e+03	1.2012e-10
9.8047e+03	1.1072e-10
9.8071e+03	9.7906e-11
9.8096e+03	8.7043e-11
9.8120e+03	1.0590e-10
9.8145e+03	9.8567e-11
9.8169e+03	9.0361e-11
9.8193e+03	1.0307e-10
9.8218e+03	9.6490e-11
9.8242e+03	1.3130e-10
9.8267e+03	1.3959e-10
9.8291e+03	1.0482e-10
9.8315e+03	8.0806e-11
9.8340e+03	7.5637e-11
9.8364e+03	1.0068e-10
9.8389e+03	9.9096e-11
9.8413e+03	9.8137e-11
9.8438e+03	1.0123e-10
9.8462e+03	9.4543e-11
9.8486e+03	8.5592e-11
9.8511e+03	7.2164e-11
9.8535e+03	8.4432e-11
9.8560e+03	8.8793e-11
9.8584e+03	9.1917e-11
9.8608e+03	1.0553e-10
9.8633e+03	1.0440e-10
9.8657e+03	9.8672e-11
9.8682e+03	9.3507e-11
9.8706e+03	1.1056e-10
9.8730e+03	9.7783e-11
9.8755e+03	9.7827e-11
9.8779e+03	1.0094e-10
9.8804e+03	1.1779e-10
9.8828e+03	1.0377e-10
9.8853e+03	1.1057e-10
9.8877e+03	1.2622e-10
9.8901e+03	1.0379e-10
9.8926e+03	1.0153e-10
9.8950e+03	1.1590e-10
9.8975e+03	1.0389e-10
9.8999e+03	9.7860e-11
9.9023e+03	9.9609e-11
9.9048e+03	1.1806e-10
9.9072e+03	1.0768e-10
9.9097e+03	7.9818e-11
9.9121e+03	9.5043e-11
9.9146e+03	8.0531e-11
9.9170e+03	7.5868e-11
9.9194e+03	8.7078e-11
9.9219e+03	9.9534e-11
9.9243e+03	1.1383e-10
9.9268e+03	1.1111e-10
9.9292e+03	1.0410e-10
9.9316e+03	8.9784e-11
9.9341e+03	1.0258e-10
9.9365e+03	1.1068e-10
9.9390e+03	1.0608e-10
9.9414e+03	9.7194e-11
9.9438e+03	9.1650e-11
9.9463e+03	8.8248e-11
9.9487e+03	6.7857e-11
9.9512e+03	8.6882e-11
9.9536e+03	9.6682e-11
9.9561e+03	1.0558e-10
9.9585e+03	9.7344e-11
9.9609e+03	1.1632e-10
9.9634e+03	1.0408e-10
9.9658e+03	1.0437e-10
9.9683e+03	1.2556e-10
9.9707e+03	1.1584e-10
9.9731e+03	1.2566e-10
9.9756e+03	1.0473e-10
9.9780e+03	1.0390e-10
9.9805e+03	9.6939e-11
9.9829e+03	1.0182e-10
9.9854e+03	8.9536e-11
9.9878e+03	7.8016e-11
9.9902e+03	1.0345e-10
9.9927e+03	1.2153e-10
9.9951e+03	1.0147e-10
9.9976e+03	8.8570e-11
1.0000e+04	5.0626e-11
