0.0000e+00	1.6104e-05
2.4414e+00	1.5214e-05
4.8828e+00	1.2225e-05
7.3242e+00	9.2763e-05
9.7656e+00	1.6527e-03
1.2207e+01	4.1217e-03
1.4648e+01	3.9770e-03
1.7090e+01	3.3649e-03
1.9531e+01	2.1263e-03
2.1973e+01	1.6120e-03
2.4414e+01	1.3923e-03
2.6855e+01	1.0662e-03
2.9297e+01	1.2899e-03
3.1738e+01	1.4567e-03
3.4180e+01	1.5297e-03
3.6621e+01	1.7398e-03
3.9062e+01	1.7314e-03
4.1504e+01	1.6403e-03
4.3945e+01	1.2399e-03
4.6387e+01	1.1361e-03
4.8828e+01	1.0006e-03
5.1270e+01	1.0793e-03
5.3711e+01	9.7588e-04
5.6152e+01	9.6925e-04
5.8594e+01	9.5518e-04
6.1035e+01	8.7956e-04
6.3477e+01	8.9313e-04
6.5918e+01	8.5126e-04
6.8359e+01	1.0775e-03
7.0801e+01	1.0771e-03
7.3242e+01	1.2191e-03
7.5684e+01	1.2966e-03
7.8125e+01	1.0078e-03
8.0566e+01	1.1783e-03
8.3008e+01	8.9765e-04
8.5449e+01	7.7273e-04
8.7891e+01	1.0617e-03
9.0332e+01	1.2140e-03
9.2773e+01	1.2356e-03
9.5215e+01	1.1502e-03
9.7656e+01	1.2880e-03
1.0010e+02	1.2775e-03
1.0254e+02	8.8861e-04
1.0498e+02	6.0373e-04
1.0742e+02	9.1644e-04
1.0986e+02	1.0001e-03
1.1230e+02	6.6823e-04
1.1475e+02	6.1069e-04
1.1719e+02	7.5305e-04
1.1963e+02	5.5535e-04
1.2207e+02	6.0470e-04
1.2451e+02	7.3747e-04
1.2695e+02	5.5183e-04
1.2939e+02	5.2755e-04
1.3184e+02	5.3051e-04
1.3428e+02	3.6569e-04
1.3672e+02	3.4248e-04
1.3916e+02	3.7495e-04
1.4160e+02	3.7677e-04
1.4404e+02	3.7775e-04
1.4648e+02	3.7835e-04
1.4893e+02	4.0448e-04
1.5137e+02	4.6789e-04
1.5381e+02	3.8911e-04
1.5625e+02	3.0132e-04
1.5869e+02	4.0467e-04
1.6113e+02	3.8766e-04
1.6357e+02	3.9410e-04
1.6602e+02	3.8590e-04
1.6846e+02	3.6050e-04
1.7090e+02	3.1544e-04
1.7334e+02	3.3361e-04
1.7578e+02	4.1901e-04
1.7822e+02	3.9674e-04
1.8066e+02	3.2725e-04
1.8311e+02	4.4107e-04
1.8555e+02	5.5325e-04
1.8799e+02	4.2080e-04
1.9043e+02	3.3753e-04
1.9287e+02	3.7987e-04
1.9531e+02	3.9445e-04
1.9775e+02	3.3408e-04
2.0020e+02	3.4443e-04
2.0264e+02	2.9910e-04
2.0508e+02	3.7259e-04
2.0752e+02	4.6425e-04
2.0996e+02	4.4008e-04
2.1240e+02	3.5348e-04
2.1484e+02	3.4874e-04
2.1729e+02	3.3337e-04
2.1973e+02	4.0399e-04
2.2217e+02	4.6481e-04
2.2461e+02	2.4916e-04
2.2705e+02	4.7095e-05
2.2949e+02	2.4598e-07
2.3193e+02	1.7362e-08
2.3438e+02	3.4765e-09
2.3682e+02	1.1998e-09
2.3926e+02	5.1458e-10
2.4170e+02	2.7154e-10
2.4414e+02	2.0417e-10
2.4658e+02	1.7131e-10
2.4902e+02	1.5186e-10
2.5146e+02	1.2082e-10
2.5391e+02	1.2424e-10
2.5635e+02	1.0670e-10
2.5879e+02	1.0547e-10
2.6123e+02	9.4788e-11
2.6367e+02	1.0129e-10
2.6611e+02	1.0980e-10
2.6855e+02	1.2131e-10
2.7100e+02	1.1922e-10
2.7344e+02	8.8034e-11
2.7588e+02	8.4437e-11
2.7832e+02	7.7935e-11
2.8076e+02	8.5898e-11
2.8320e+02	9.8182e-11
2.8564e+02	9.7085e-11
2.8809e+02	1.2144e-10
2.9053e+02	1.2747e-10
2.9297e+02	9.9858e-11
2.9541e+02	1.0927e-10
2.9785e+02	9.7080e-11
3.0029e+02	8.0749e-11
3.0273e+02	7.7181e-11
3.0518e+02	6.8783e-11
3.0762e+02	9.3201e-11
3.1006e+02	1.0295e-10
3.1250e+02	1.0443e-10
3.1494e+02	9.4500e-11
3.1738e+02	9.3432e-11
3.1982e+02	8.8062e-11
3.2227e+02	9.1723e-11
3.2471e+02	1.0322e-10
3.2715e+02	9.9225e-11
3.2959e+02	9.3474e-11
3.3203e+02	9.8963e-11
3.3447e+02	1.0896e-10
3.3691e+02	8.9461e-11
3.3936e+02	1.0435e-10
3.4180e+02	1.0734e-10
3.4424e+02	1.0866e-10
3.4668e+02	9.3027e-11
3.4912e+02	9.3559e-11
3.5156e+02	7.4572e-11
3.5400e+02	7.7185e-11
3.5645e+02	9.7253e-11
3.5889e+02	1.0575e-10
3.6133e+02	9.2457e-11
3.6377e+02	1.1820e-10
3.6621e+02	1.2181e-10
3.6865e+02	1.1417e-10
3.7109e+02	1.2740e-10
3.7354e+02	1.0206e-10
3.7598e+02	7.3887e-11
3.7842e+02	1.1045e-10
3.8086e+02	1.2145e-10
3.8330e+02	1.0487e-10
3.8574e+02	1.0084e-10
3.8818e+02	7.9398e-11
3.9062e+02	1.0461e-10
3.9307e+02	1.1823e-10
3.9551e+02	8.8593e-11
3.9795e+02	8.6243e-11
4.0039e+02	8.5603e-11
4.0283e+02	9.5118e-11
4.0527e+02	1.1053e-10
4.0771e+02	1.1677e-10
4.1016e+02	1.2662e-10
4.1260e+02	1.2196e-10
4.1504e+02	1.0006e-10
4.1748e+02	9.7625e-11
4.1992e+02	7.3821e-11
4.2236e+02	9.2585e-11
4.2480e+02	1.0605e-10
4.2725e+02	1.0771e-10
4.2969e+02	9.4430e-11
4.3213e+02	1.0021e-10
4.3457e+02	8.6790e-11
4.3701e+02	9.2225e-11
4.3945e+02	1.0930e-10
4.4189e+02	1.1407e-10
4.4434e+02	1.1818e-10
4.4678e+02	1.0273e-10
4.4922e+02	1.1031e-10
4.5166e+02	1.1692e-10
4.5410e+02	1.1945e-10
4.5654e+02	1.1761e-10
4.5898e+02	8.9831e-11
4.6143e+02	8.3569e-11
4.6387e+02	8.8094e-11
4.6631e+02	8.0918e-11
4.6875e+02	8.0014e-11
4.7119e+02	8.0834e-11
4.7363e+02	8.1520e-11
4.7607e+02	1.0710e-10
4.7852e+02	1.2070e-10
4.8096e+02	1.2020e-10
4.8340e+02	1.1070e-10
4.8584e+02	1.0796e-10
4.8828e+02	1.1272e-10
4.9072e+02	1.0244e-10
4.9316e+02	8.8207e-11
4.9561e+02	9.6983e-11
4.9805e+02	1.0223e-10
5.0049e+02	9.8692e-11
5.0293e+02	8.5119e-11
5.0537e+02	8.6414e-11
5.0781e+02	8.9977e-11
5.1025e+02	1.0447e-10
5.1270e+02	1.1240e-10
5.1514e+02	1.2744e-10
5.1758e+02	1.1672e-10
5.2002e+02	7.8850e-11
5.2246e+02	8.0658e-11
5.2490e+02	1.0273e-10
5.2734e+02	1.1366e-10
5.2979e+02	9.0072e-11
5.3223e+02	9.8758e-11
5.3467e+02	1.2109e-10
5.3711e+02	9.0006e-11
5.3955e+02	1.0914e-10
5.4199e+02	9.3646e-11
5.4443e+02	1.0368e-10
5.4688e+02	9.7200e-11
5.4932e+02	8.1714e-11
5.5176e+02	7.6311e-11
5.5420e+02	9.4537e-11
5.5664e+02	9.5745e-11
5.5908e+02	7.7564e-11
5.6152e+02	7.7348e-11
5.6396e+02	9.8153e-11
5.6641e+02	9.5475e-11
5.6885e+02	9.6054e-11
5.7129e+02	8.4340e-11
5.7373e+02	9.2034e-11
5.7617e+02	9.9855e-11
5.7861e+02	9.5765e-11
5.8105e+02	7.8194e-11
5.8350e+02	8.2659e-11
5.8594e+02	7.9403e-11
5.8838e+02	9.2633e-11
5.9082e+02	1.1224e-10
5.9326e+02	9.7453e-11
5.9570e+02	7.1696e-11
5.9814e+02	8.9593e-11
6.0059e+02	9.9032e-11
6.0303e+02	8.9422e-11
6.0547e+02	1.0538e-10
6.0791e+02	1.1836e-10
6.1035e+02	1.0610e-10
6.1279e+02	1.0610e-10
6.1523e+02	9.8808e-11
6.1768e+02	7.7470e-11
6.2012e+02	9.0655e-11
6.2256e+02	1.2341e-10
6.2500e+02	1.1571e-10
6.2744e+02	1.0111e-10
6.2988e+02	7.9307e-11
6.3232e+02	8.8363e-11
6.3477e+02	8.2174e-11
6.3721e+02	8.1593e-11
6.3965e+02	1.0474e-10
6.4209e+02	9.9429e-11
6.4453e+02	1.0402e-10
6.4697e+02	9.2077e-11
6.4941e+02	8.1372e-11
6.5186e+02	1.0017e-10
6.5430e+02	1.0565e-10
6.5674e+02	7.6126e-11
6.5918e+02	8.5939e-11
6.6162e+02	1.1315e-10
6.6406e+02	9.1376e-11
6.6650e+02	7.3261e-11
6.6895e+02	6.8422e-11
6.7139e+02	8.1116e-11
6.7383e+02	8.1695e-11
6.7627e+02	7.5516e-11
6.7871e+02	6.3338e-11
6.8115e+02	7.6819e-11
6.8359e+02	8.3844e-11
6.8604e+02	9.7369e-11
6.8848e+02	9.1477e-11
6.9092e+02	8.2339e-11
6.9336e+02	8.3712e-11
6.9580e+02	1.1236e-10
6.9824e+02	1.2601e-10
7.0068e+02	1.0082e-10
7.0312e+02	1.1357e-10
7.0557e+02	1.1401e-10
7.0801e+02	1.0981e-10
7.1045e+02	9.0620e-11
7.1289e+02	9.0605e-11
7.1533e+02	8.4892e-11
7.1777e+02	8.4456e-11
7.2021e+02	1.1035e-10
7.2266e+02	9.2556e-11
7.2510e+02	7.6426e-11
7.2754e+02	8.0039e-11
7.2998e+02	7.4871e-11
7.3242e+02	8.2804e-11
7.3486e+02	9.2371e-11
7.3730e+02	7.6438e-11
7.3975e+02	7.1519e-11
7.4219e+02	6.7843e-11
7.4463e+02	7.0008e-11
7.4707e+02	8.9636e-11
7.4951e+02	1.2660e-10
7.5195e+02	1.1291e-10
7.5439e+02	9.2900e-11
7.5684e+02	6.0117e-11
7.5928e+02	7.9826e-11
7.6172e+02	7.7042e-11
7.6416e+02	7.7353e-11
7.6660e+02	9.6158e-11
7.6904e+02	8.5485e-11
7.7148e+02	8.6115e-11
7.7393e+02	6.7081e-11
7.7637e+02	6.8460e-11
7.7881e+02	8.9324e-11
7.8125e+02	9.2405e-11
7.8369e+02	7.7479e-11
7.8613e+02	5.8981e-11
7.8857e+02	7.3458e-11
7.9102e+02	7.4557e-11
7.9346e+02	7.6138e-11
7.9590e+02	8.2788e-11
7.9834e+02	8.2302e-11
8.0078e+02	8.8397e-11
8.0322e+02	7.5586e-11
8.0566e+02	6.4435e-11
8.0811e+02	5.9040e-11
8.1055e+02	6.8973e-11
8.1299e+02	7.8014e-11
8.1543e+02	8.5399e-11
8.1787e+02	7.7833e-11
8.2031e+02	8.0123e-11
8.2275e+02	9.2390e-11
8.2520e+02	7.1212e-11
8.2764e+02	7.3885e-11
8.3008e+02	8.5100e-11
8.3252e+02	8.0737e-11
8.3496e+02	7.8386e-11
8.3740e+02	8.3499e-11
8.3984e+02	7.8704e-11
8.4229e+02	7.5112e-11
8.4473e+02	9.0797e-11
8.4717e+02	7.7996e-11
8.4961e+02	7.8855e-11
8.5205e+02	6.0534e-11
8.5449e+02	6.4426e-11
8.5693e+02	6.6526e-11
8.5938e+02	8.6049e-11
8.6182e+02	9.7705e-11
8.6426e+02	9.5048e-11
8.6670e+02	8.9953e-11
8.6914e+02	1.0084e-10
8.7158e+02	9.7603e-11
8.7402e+02	1.0742e-10
8.7646e+02	9.8482e-11
8.7891e+02	7.3555e-11
8.8135e+02	6.6313e-11
8.8379e+02	6.5229e-11
8.8623e+02	5.8668e-11
8.8867e+02	6.7425e-11
8.9111e+02	7.6368e-11
8.9355e+02	8.1376e-11
8.9600e+02	9.4990e-11
8.9844e+02	8.9131e-11
9.0088e+02	8.5702e-11
9.0332e+02	8.0970e-11
9.0576e+02	8.1282e-11
9.0820e+02	6.3860e-11
9.1064e+02	8.3081e-11
9.1309e+02	9.0657e-11
9.1553e+02	8.4808e-11
9.1797e+02	6.8449e-11
9.2041e+02	7.9533e-11
9.2285e+02	6.8560e-11
9.2529e+02	8.0666e-11
9.2773e+02	6.8340e-11
9.3018e+02	6.6215e-11
9.3262e+02	8.2829e-11
9.3506e+02	7.7610e-11
9.3750e+02	8.6460e-11
9.3994e+02	7.7630e-11
9.4238e+02	7.2434e-11
9.4482e+02	7.7143e-11
9.4727e+02	8.8256e-11
9.4971e+02	8.0856e-11
9.5215e+02	7.9206e-11
9.5459e+02	7.8019e-11
9.5703e+02	6.9852e-11
9.5947e+02	6.6715e-11
9.6191e+02	8.3919e-11
9.6436e+02	8.8702e-11
9.6680e+02	7.8563e-11
9.6924e+02	6.9388e-11
9.7168e+02	6.8538e-11
9.7412e+02	8.0362e-11
9.7656e+02	7.9225e-11
9.7900e+02	7.1305e-11
9.8145e+02	7.4780e-11
9.8389e+02	8.1387e-11
9.8633e+02	7.3997e-11
9.8877e+02	8.0326e-11
9.9121e+02	5.9940e-11
9.9365e+02	6.8421e-11
9.9609e+02	1.0538e-10
9.9854e+02	8.4438e-11
1.0010e+03	8.3911e-11
1.0034e+03	6.3915e-11
1.0059e+03	6.6262e-11
1.0083e+03	7.8628e-11
1.0107e+03	8.1928e-11
1.0132e+03	7.4746e-11
1.0156e+03	7.5746e-11
1.0181e+03	8.1986e-11
1.0205e+03	7.6048e-11
1.0229e+03	8.2871e-11
1.0254e+03	7.7891e-11
1.0278e+03	7.9079e-11
1.0303e+03	9.2272e-11
1.0327e+03	7.6744e-11
1.0352e+03	7.6941e-11
1.0376e+03	7.8467e-11
1.0400e+03	7.6191e-11
1.0425e+03	6.5208e-11
1.0449e+03	6.2508e-11
1.0474e+03	6.2586e-11
1.0498e+03	5.8778e-11
1.0522e+03	7.2900e-11
1.0547e+03	6.5718e-11
1.0571e+03	6.2558e-11
1.0596e+03	7.6789e-11
1.0620e+03	7.5229e-11
1.0645e+03	7.4886e-11
1.0669e+03	1.0153e-10
1.0693e+03	9.3273e-11
1.0718e+03	7.8537e-11
1.0742e+03	7.4660e-11
1.0767e+03	6.4692e-11
1.0791e+03	7.2540e-11
1.0815e+03	6.9861e-11
1.0840e+03	5.9940e-11
1.0864e+03	7.4490e-11
1.0889e+03	6.7621e-11
1.0913e+03	7.1312e-11
1.0938e+03	5.9287e-11
1.0962e+03	6.2925e-11
1.0986e+03	6.4613e-11
1.1011e+03	6.1016e-11
1.1035e+03	6.4048e-11
1.1060e+03	7.7190e-11
1.1084e+03	7.9437e-11
1.1108e+03	6.6580e-11
1.1133e+03	4.8764e-11
1.1157e+03	5.9712e-11
1.1182e+03	6.9938e-11
1.1206e+03	5.7128e-11
1.1230e+03	5.7293e-11
1.1255e+03	6.9035e-11
1.1279e+03	8.0477e-11
1.1304e+03	9.7746e-11
1.1328e+03	8.0469e-11
1.1353e+03	6.3953e-11
1.1377e+03	6.8880e-11
1.1401e+03	8.0273e-11
1.1426e+03	6.5344e-11
1.1450e+03	6.9267e-11
1.1475e+03	6.5635e-11
1.1499e+03	5.5533e-11
1.1523e+03	6.6958e-11
1.1548e+03	6.0584e-11
1.1572e+03	6.6047e-11
1.1597e+03	6.3390e-11
1.1621e+03	5.2146e-11
1.1646e+03	7.4484e-11
1.1670e+03	7.2993e-11
1.1694e+03	7.1878e-11
1.1719e+03	5.6322e-11
1.1743e+03	6.0528e-11
1.1768e+03	6.6734e-11
1.1792e+03	6.6417e-11
1.1816e+03	4.8972e-11
1.1841e+03	6.7764e-11
1.1865e+03	7.9016e-11
1.1890e+03	6.2691e-11
1.1914e+03	6.2865e-11
1.1938e+03	8.4064e-11
1.1963e+03	7.1816e-11
1.1987e+03	6.9378e-11
1.2012e+03	7.7245e-11
1.2036e+03	5.9366e-11
1.2061e+03	5.1649e-11
1.2085e+03	5.4229e-11
1.2109e+03	4.8519e-11
1.2134e+03	6.5153e-11
1.2158e+03	6.0459e-11
1.2183e+03	4.7253e-11
1.2207e+03	6.3471e-11
1.2231e+03	6.4507e-11
1.2256e+03	6.3980e-11
1.2280e+03	7.0416e-11
1.2305e+03	6.0377e-11
1.2329e+03	5.8688e-11
1.2354e+03	5.9681e-11
1.2378e+03	6.2630e-11
1.2402e+03	6.4306e-11
1.2427e+03	5.9770e-11
1.2451e+03	4.6891e-11
1.2476e+03	6.6588e-11
1.2500e+03	8.8630e-11
1.2524e+03	7.5076e-11
1.2549e+03	5.7001e-11
1.2573e+03	5.7464e-11
1.2598e+03	5.0609e-11
1.2622e+03	5.9146e-11
1.2646e+03	7.4053e-11
1.2671e+03	8.0568e-11
1.2695e+03	6.4593e-11
1.2720e+03	6.6422e-11
1.2744e+03	6.9433e-11
1.2769e+03	6.9624e-11
1.2793e+03	4.9105e-11
1.2817e+03	6.3228e-11
1.2842e+03	5.3784e-11
1.2866e+03	4.7492e-11
1.2891e+03	5.5412e-11
1.2915e+03	6.4991e-11
1.2939e+03	5.0448e-11
1.2964e+03	5.0068e-11
1.2988e+03	6.0888e-11
1.3013e+03	5.8224e-11
1.3037e+03	4.9731e-11
1.3062e+03	7.1305e-11
1.3086e+03	7.2791e-11
1.3110e+03	6.1622e-11
1.3135e+03	6.5571e-11
1.3159e+03	6.7813e-11
1.3184e+03	5.8422e-11
1.3208e+03	5.3263e-11
1.3232e+03	4.7714e-11
1.3257e+03	5.3771e-11
1.3281e+03	6.2323e-11
1.3306e+03	6.6535e-11
1.3330e+03	6.4569e-11
1.3354e+03	8.0423e-11
1.3379e+03	6.8075e-11
1.3403e+03	7.0447e-11
1.3428e+03	7.9417e-11
1.3452e+03	6.8310e-11
1.3477e+03	5.8383e-11
1.3501e+03	4.6003e-11
1.3525e+03	4.6011e-11
1.3550e+03	5.5106e-11
1.3574e+03	4.7441e-11
1.3599e+03	4.9680e-11
1.3623e+03	5.9064e-11
1.3647e+03	4.8303e-11
1.3672e+03	4.2858e-11
1.3696e+03	5.8465e-11
1.3721e+03	7.0351e-11
1.3745e+03	6.0999e-11
1.3770e+03	6.7487e-11
1.3794e+03	6.6818e-11
1.3818e+03	7.7341e-11
1.3843e+03	6.1241e-11
1.3867e+03	5.4961e-11
1.3892e+03	4.4326e-11
1.3916e+03	4.4468e-11
1.3940e+03	4.4045e-11
1.3965e+03	5.3814e-11
1.3989e+03	4.5379e-11
1.4014e+03	4.7346e-11
1.4038e+03	4.8529e-11
1.4062e+03	6.8681e-11
1.4087e+03	6.7208e-11
1.4111e+03	6.1257e-11
1.4136e+03	6.3836e-11
1.4160e+03	6.0063e-11
1.4185e+03	4.1000e-11
1.4209e+03	5.4128e-11
1.4233e+03	5.6042e-11
1.4258e+03	5.9592e-11
1.4282e+03	5.8131e-11
1.4307e+03	5.8834e-11
1.4331e+03	4.6836e-11
1.4355e+03	5.0472e-11
1.4380e+03	4.7281e-11
1.4404e+03	3.9756e-11
1.4429e+03	4.4708e-11
1.4453e+03	5.0863e-11
1.4478e+03	5.2488e-11
1.4502e+03	5.5262e-11
1.4526e+03	5.4419e-11
1.4551e+03	4.6901e-11
1.4575e+03	5.2766e-11
1.4600e+03	8.0374e-11
1.4624e+03	6.4189e-11
1.4648e+03	4.6972e-11
1.4673e+03	6.0514e-11
1.4697e+03	5.4085e-11
1.4722e+03	5.1516e-11
1.4746e+03	6.3784e-11
1.4771e+03	5.4063e-11
1.4795e+03	4.6347e-11
1.4819e+03	4.1386e-11
1.4844e+03	5.3307e-11
1.4868e+03	5.5424e-11
1.4893e+03	5.4068e-11
1.4917e+03	4.2945e-11
1.4941e+03	5.3370e-11
1.4966e+03	5.8634e-11
1.4990e+03	4.9932e-11
1.5015e+03	4.4957e-11
1.5039e+03	4.5940e-11
1.5063e+03	4.4261e-11
1.5088e+03	5.3820e-11
1.5112e+03	5.6436e-11
1.5137e+03	4.9282e-11
1.5161e+03	4.8592e-11
1.5186e+03	3.9524e-11
1.5210e+03	4.1303e-11
1.5234e+03	3.9068e-11
1.5259e+03	3.8619e-11
1.5283e+03	4.0264e-11
1.5308e+03	5.0266e-11
1.5332e+03	5.2021e-11
1.5356e+03	4.7394e-11
1.5381e+03	5.4527e-11
1.5405e+03	5.2401e-11
1.5430e+03	4.8502e-11
1.5454e+03	5.1335e-11
1.5479e+03	4.1945e-11
1.5503e+03	5.1154e-11
1.5527e+03	6.5444e-11
1.5552e+03	5.9099e-11
1.5576e+03	4.6470e-11
1.5601e+03	5.0460e-11
1.5625e+03	5.1750e-11
1.5649e+03	5.3011e-11
1.5674e+03	4.5755e-11
1.5698e+03	4.8177e-11
1.5723e+03	4.1711e-11
1.5747e+03	4.2892e-11
1.5771e+03	4.7628e-11
1.5796e+03	4.8457e-11
1.5820e+03	5.4443e-11
1.5845e+03	5.2261e-11
1.5869e+03	4.3302e-11
1.5894e+03	4.9010e-11
1.5918e+03	5.0630e-11
1.5942e+03	4.6308e-11
1.5967e+03	4.9567e-11
1.5991e+03	5.3620e-11
1.6016e+03	4.5582e-11
1.6040e+03	4.7239e-11
1.6064e+03	4.0416e-11
1.6089e+03	3.8353e-11
1.6113e+03	3.9586e-11
1.6138e+03	4.2637e-11
1.6162e+03	4.4267e-11
1.6187e+03	3.7470e-11
1.6211e+03	3.3156e-11
1.6235e+03	4.4212e-11
1.6260e+03	3.5976e-11
1.6284e+03	4.1253e-11
1.6309e+03	4.1370e-11
1.6333e+03	4.2081e-11
1.6357e+03	4.1144e-11
1.6382e+03	3.9592e-11
1.6406e+03	4.3200e-11
1.6431e+03	4.3840e-11
1.6455e+03	4.1452e-11
1.6479e+03	3.8606e-11
1.6504e+03	4.3740e-11
1.6528e+03	4.3253e-11
1.6553e+03	4.4028e-11
1.6577e+03	4.5643e-11
1.6602e+03	4.4403e-11
1.6626e+03	4.7445e-11
1.6650e+03	4.4958e-11
1.6675e+03	4.1647e-11
1.6699e+03	3.9737e-11
1.6724e+03	3.4342e-11
1.6748e+03	3.8209e-11
1.6772e+03	4.8124e-11
1.6797e+03	4.6634e-11
1.6821e+03	3.9313e-11
1.6846e+03	4.0418e-11
1.6870e+03	4.6080e-11
1.6895e+03	4.1158e-11
1.6919e+03	4.5851e-11
1.6943e+03	5.0542e-11
1.6968e+03	4.5717e-11
1.6992e+03	3.2071e-11
1.7017e+03	3.3661e-11
1.7041e+03	4.0918e-11
1.7065e+03	4.3001e-11
1.7090e+03	4.5581e-11
1.7114e+03	4.1570e-11
1.7139e+03	3.1243e-11
1.7163e+03	2.9661e-11
1.7188e+03	2.9913e-11
1.7212e+03	3.9780e-11
1.7236e+03	4.0921e-11
1.7261e+03	3.9112e-11
1.7285e+03	3.9072e-11
1.7310e+03	3.3831e-11
1.7334e+03	3.3734e-11
1.7358e+03	3.2093e-11
1.7383e+03	3.1666e-11
1.7407e+03	3.1397e-11
1.7432e+03	2.8521e-11
1.7456e+03	3.2756e-11
1.7480e+03	3.3911e-11
1.7505e+03	3.0312e-11
1.7529e+03	3.8067e-11
1.7554e+03	4.0033e-11
1.7578e+03	4.0005e-11
1.7603e+03	4.8236e-11
1.7627e+03	4.7362e-11
1.7651e+03	4.2840e-11
1.7676e+03	5.0368e-11
1.7700e+03	4.8532e-11
1.7725e+03	4.3915e-11
1.7749e+03	4.2317e-11
1.7773e+03	4.0371e-11
1.7798e+03	3.2975e-11
1.7822e+03	3.8079e-11
1.7847e+03	4.9783e-11
1.7871e+03	3.9176e-11
1.7896e+03	3.1633e-11
1.7920e+03	3.8082e-11
1.7944e+03	4.2435e-11
1.7969e+03	3.5616e-11
1.7993e+03	3.8976e-11
1.8018e+03	3.5447e-11
1.8042e+03	3.8417e-11
1.8066e+03	4.0585e-11
1.8091e+03	3.8415e-11
1.8115e+03	3.7364e-11
1.8140e+03	3.6582e-11
1.8164e+03	4.1466e-11
1.8188e+03	3.8073e-11
1.8213e+03	3.4374e-11
1.8237e+03	3.2044e-11
1.8262e+03	3.3252e-11
1.8286e+03	3.0927e-11
1.8311e+03	3.7779e-11
1.8335e+03	3.5904e-11
1.8359e+03	4.0974e-11
1.8384e+03	3.5506e-11
1.8408e+03	2.7974e-11
1.8433e+03	2.4263e-11
1.8457e+03	2.8946e-11
1.8481e+03	2.7533e-11
1.8506e+03	3.1855e-11
1.8530e+03	3.0958e-11
1.8555e+03	2.4080e-11
1.8579e+03	2.8041e-11
1.8604e+03	2.8785e-11
1.8628e+03	3.4340e-11
1.8652e+03	3.4956e-11
1.8677e+03	2.7729e-11
1.8701e+03	2.9373e-11
1.8726e+03	3.1338e-11
1.8750e+03	2.5827e-11
1.8774e+03	2.9935e-11
1.8799e+03	2.9678e-11
1.8823e+03	2.3123e-11
1.8848e+03	3.0050e-11
1.8872e+03	3.4333e-11
1.8896e+03	3.0467e-11
1.8921e+03	3.8568e-11
1.8945e+03	3.3751e-11
1.8970e+03	2.3410e-11
1.8994e+03	3.1922e-11
1.9019e+03	3.0372e-11
1.9043e+03	3.0781e-11
1.9067e+03	3.9117e-11
1.9092e+03	3.8410e-11
1.9116e+03	3.0164e-11
1.9141e+03	2.9097e-11
1.9165e+03	3.0315e-11
1.9189e+03	2.6547e-11
1.9214e+03	3.4734e-11
1.9238e+03	3.2073e-11
1.9263e+03	3.1951e-11
1.9287e+03	2.6930e-11
1.9312e+03	2.5807e-11
1.9336e+03	2.5785e-11
1.9360e+03	2.8186e-11
1.9385e+03	3.3412e-11
1.9409e+03	3.4339e-11
1.9434e+03	2.8611e-11
1.9458e+03	2.7290e-11
1.9482e+03	2.4105e-11
1.9507e+03	2.2935e-11
1.9531e+03	2.0884e-11
1.9556e+03	2.4382e-11
1.9580e+03	2.2370e-11
1.9604e+03	2.6807e-11
1.9629e+03	2.5683e-11
1.9653e+03	2.8536e-11
1.9678e+03	2.9762e-11
1.9702e+03	2.6822e-11
1.9727e+03	1.9797e-11
1.9751e+03	2.3749e-11
1.9775e+03	1.9571e-11
1.9800e+03	1.9191e-11
1.9824e+03	2.8974e-11
1.9849e+03	3.0442e-11
1.9873e+03	2.1788e-11
1.9897e+03	2.3495e-11
1.9922e+03	2.7659e-11
1.9946e+03	3.2825e-11
1.9971e+03	3.3502e-11
1.9995e+03	2.7465e-11
2.0020e+03	2.0540e-11
2.0044e+03	2.1899e-11
2.0068e+03	2.3583e-11
2.0093e+03	2.4073e-11
2.0117e+03	2.5117e-11
2.0142e+03	2.3524e-11
2.0166e+03	1.8570e-11
2.0190e+03	2.2222e-11
2.0215e+03	2.9244e-11
2.0239e+03	2.8325e-11
2.0264e+03	3.1174e-11
2.0288e+03	2.7948e-11
2.0312e+03	2.5091e-11
2.0337e+03	2.5243e-11
2.0361e+03	2.5881e-11
2.0386e+03	2.1883e-11
2.0410e+03	2.2834e-11
2.0435e+03	2.2535e-11
2.0459e+03	2.4658e-11
2.0483e+03	2.2690e-11
2.0508e+03	2.8548e-11
2.0532e+03	2.6623e-11
2.0557e+03	2.8206e-11
2.0581e+03	2.5416e-11
2.0605e+03	2.1458e-11
2.0630e+03	2.0619e-11
2.0654e+03	1.9655e-11
2.0679e+03	2.0292e-11
2.0703e+03	2.6365e-11
2.0728e+03	2.7308e-11
2.0752e+03	2.6417e-11
2.0776e+03	2.9061e-11
2.0801e+03	2.5232e-11
2.0825e+03	2.4534e-11
2.0850e+03	2.5068e-11
2.0874e+03	2.8224e-11
2.0898e+03	2.4435e-11
2.0923e+03	2.6557e-11
2.0947e+03	2.2616e-11
2.0972e+03	2.1776e-11
2.0996e+03	1.8266e-11
2.1021e+03	2.1205e-11
2.1045e+03	3.3630e-11
2.1069e+03	3.0668e-11
2.1094e+03	2.5158e-11
2.1118e+03	2.5779e-11
2.1143e+03	2.8232e-11
2.1167e+03	2.1242e-11
2.1191e+03	2.2867e-11
2.1216e+03	2.6407e-11
2.1240e+03	2.2468e-11
2.1265e+03	2.0740e-11
2.1289e+03	2.9293e-11
2.1313e+03	2.3420e-11
2.1338e+03	2.2662e-11
2.1362e+03	2.2724e-11
2.1387e+03	2.1388e-11
2.1411e+03	2.3417e-11
2.1436e+03	2.7481e-11
2.1460e+03	2.6000e-11
2.1484e+03	2.9130e-11
2.1509e+03	2.1588e-11
2.1533e+03	2.1065e-11
2.1558e+03	1.8514e-11
2.1582e+03	1.7051e-11
2.1606e+03	2.4207e-11
2.1631e+03	2.4354e-11
2.1655e+03	2.3035e-11
2.1680e+03	1.9671e-11
2.1704e+03	1.9549e-11
2.1729e+03	1.9782e-11
2.1753e+03	2.4350e-11
2.1777e+03	2.1750e-11
2.1802e+03	1.8464e-11
2.1826e+03	2.5913e-11
2.1851e+03	2.8307e-11
2.1875e+03	2.3215e-11
2.1899e+03	2.4339e-11
2.1924e+03	3.0971e-11
2.1948e+03	2.8527e-11
2.1973e+03	2.9248e-11
2.1997e+03	2.9927e-11
2.2021e+03	2.7868e-11
2.2046e+03	2.4195e-11
2.2070e+03	2.5727e-11
2.2095e+03	2.2364e-11
2.2119e+03	1.7720e-11
2.2144e+03	1.2717e-11
2.2168e+03	1.5311e-11
2.2192e+03	1.5639e-11
2.2217e+03	1.3784e-11
2.2241e+03	1.8336e-11
2.2266e+03	2.0603e-11
2.2290e+03	2.1822e-11
2.2314e+03	2.2998e-11
2.2339e+03	1.7966e-11
2.2363e+03	1.7340e-11
2.2388e+03	1.8717e-11
2.2412e+03	1.7102e-11
2.2437e+03	1.5435e-11
2.2461e+03	1.4491e-11
2.2485e+03	1.6786e-11
2.2510e+03	1.8959e-11
2.2534e+03	1.8466e-11
2.2559e+03	1.6280e-11
2.2583e+03	1.4051e-11
2.2607e+03	1.5090e-11
2.2632e+03	1.6936e-11
2.2656e+03	1.7743e-11
2.2681e+03	1.6058e-11
2.2705e+03	1.7631e-11
2.2729e+03	2.1553e-11
2.2754e+03	1.9762e-11
2.2778e+03	1.8693e-11
2.2803e+03	1.5867e-11
2.2827e+03	1.2214e-11
2.2852e+03	1.4283e-11
2.2876e+03	1.2879e-11
2.2900e+03	1.1587e-11
2.2925e+03	1.5641e-11
2.2949e+03	1.8754e-11
2.2974e+03	1.7566e-11
2.2998e+03	1.7214e-11
2.3022e+03	2.0418e-11
2.3047e+03	2.1568e-11
2.3071e+03	1.9973e-11
2.3096e+03	2.0286e-11
2.3120e+03	2.1098e-11
2.3145e+03	1.6272e-11
2.3169e+03	1.6711e-11
2.3193e+03	1.9633e-11
2.3218e+03	1.7504e-11
2.3242e+03	1.3425e-11
2.3267e+03	1.6314e-11
2.3291e+03	1.6650e-11
2.3315e+03	1.3168e-11
2.3340e+03	1.2602e-11
2.3364e+03	1.3387e-11
2.3389e+03	1.5783e-11
2.3413e+03	1.6697e-11
2.3438e+03	1.5558e-11
2.3462e+03	1.1405e-11
2.3486e+03	1.2938e-11
2.3511e+03	1.4254e-11
2.3535e+03	1.5046e-11
2.3560e+03	1.9363e-11
2.3584e+03	1.7302e-11
2.3608e+03	1.7686e-11
2.3633e+03	1.4812e-11
2.3657e+03	1.4042e-11
2.3682e+03	1.4797e-11
2.3706e+03	1.3880e-11
2.3730e+03	1.5611e-11
2.3755e+03	1.7987e-11
2.3779e+03	1.2415e-11
2.3804e+03	1.4314e-11
2.3828e+03	1.6076e-11
2.3853e+03	1.3527e-11
2.3877e+03	1.3218e-11
2.3901e+03	1.7028e-11
2.3926e+03	1.5058e-11
2.3950e+03	1.4878e-11
2.3975e+03	1.8691e-11
2.3999e+03	1.8303e-11
2.4023e+03	1.1597e-11
2.4048e+03	1.0562e-11
2.4072e+03	1.2512e-11
2.4097e+03	1.2856e-11
2.4121e+03	1.4833e-11
2.4146e+03	1.3717e-11
2.4170e+03	1.5426e-11
2.4194e+03	1.3438e-11
2.4219e+03	1.3178e-11
2.4243e+03	1.3843e-11
2.4268e+03	1.5316e-11
2.4292e+03	1.3895e-11
2.4316e+03	1.4417e-11
2.4341e+03	1.3278e-11
2.4365e+03	1.0103e-11
2.4390e+03	1.0104e-11
2.4414e+03	1.0580e-11
2.4438e+03	1.0758e-11
2.4463e+03	1.3359e-11
2.4487e+03	1.3559e-11
2.4512e+03	1.3491e-11
2.4536e+03	1.3480e-11
2.4561e+03	1.0888e-11
2.4585e+03	1.1728e-11
2.4609e+03	1.0687e-11
2.4634e+03	1.0632e-11
2.4658e+03	1.0390e-11
2.4683e+03	1.2178e-11
2.4707e+03	1.1357e-11
2.4731e+03	1.1666e-11
2.4756e+03	1.2810e-11
2.4780e+03	1.3872e-11
2.4805e+03	1.2558e-11
2.4829e+03	1.2589e-11
2.4854e+03	9.1567e-12
2.4878e+03	8.1620e-12
2.4902e+03	1.0442e-11
2.4927e+03	1.0440e-11
2.4951e+03	1.0205e-11
2.4976e+03	9.6839e-12
2.5000e+03	8.8865e-12
2.5024e+03	8.6495e-12
2.5049e+03	1.1558e-11
2.5073e+03	1.3800e-11
2.5098e+03	1.2639e-11
2.5122e+03	1.0721e-11
2.5146e+03	8.9422e-12
2.5171e+03	8.7205e-12
2.5195e+03	1.2198e-11
2.5220e+03	1.0413e-11
2.5244e+03	6.8659e-12
2.5269e+03	7.8478e-12
2.5293e+03	8.5281e-12
2.5317e+03	7.5075e-12
2.5342e+03	1.0133e-11
2.5366e+03	1.0789e-11
2.5391e+03	1.0025e-11
2.5415e+03	9.1996e-12
2.5439e+03	9.2373e-12
2.5464e+03	7.8390e-12
2.5488e+03	8.3779e-12
2.5513e+03	7.0640e-12
2.5537e+03	7.9923e-12
2.5562e+03	8.2506e-12
2.5586e+03	9.1450e-12
2.5610e+03	9.7710e-12
2.5635e+03	1.1465e-11
2.5659e+03	1.0532e-11
2.5684e+03	8.9542e-12
2.5708e+03	8.1588e-12
2.5732e+03	8.2317e-12
2.5757e+03	8.7028e-12
2.5781e+03	9.9266e-12
2.5806e+03	1.0087e-11
2.5830e+03	1.0399e-11
2.5854e+03	7.9376e-12
2.5879e+03	9.2819e-12
2.5903e+03	8.6428e-12
2.5928e+03	9.2025e-12
2.5952e+03	1.1640e-11
2.5977e+03	1.0949e-11
2.6001e+03	8.7246e-12
2.6025e+03	8.8504e-12
2.6050e+03	8.8025e-12
2.6074e+03	6.6188e-12
2.6099e+03	1.0215e-11
2.6123e+03	1.0408e-11
2.6147e+03	8.3882e-12
2.6172e+03	9.5797e-12
2.6196e+03	7.6442e-12
2.6221e+03	6.3149e-12
2.6245e+03	8.2821e-12
2.6270e+03	7.6500e-12
2.6294e+03	7.1901e-12
2.6318e+03	8.1935e-12
2.6343e+03	7.2208e-12
2.6367e+03	7.4684e-12
2.6392e+03	8.9697e-12
2.6416e+03	8.4675e-12
2.6440e+03	7.1769e-12
2.6465e+03	6.9781e-12
2.6489e+03	6.0756e-12
2.6514e+03	8.0332e-12
2.6538e+03	7.4087e-12
2.6562e+03	6.7518e-12
2.6587e+03	6.8601e-12
2.6611e+03	5.7989e-12
2.6636e+03	6.9325e-12
2.6660e+03	8.5241e-12
2.6685e+03	9.7086e-12
2.6709e+03	8.1497e-12
2.6733e+03	8.8155e-12
2.6758e+03	6.5430e-12
2.6782e+03	8.2645e-12
2.6807e+03	7.1321e-12
2.6831e+03	8.0256e-12
2.6855e+03	8.9034e-12
2.6880e+03	9.2890e-12
2.6904e+03	8.0518e-12
2.6929e+03	8.2045e-12
2.6953e+03	8.6885e-12
2.6978e+03	9.0520e-12
2.7002e+03	7.8530e-12
2.7026e+03	7.9207e-12
2.7051e+03	8.5594e-12
2.7075e+03	7.7566e-12
2.7100e+03	9.0277e-12
2.7124e+03	8.0465e-12
2.7148e+03	7.0468e-12
2.7173e+03	9.0327e-12
2.7197e+03	1.0624e-11
2.7222e+03	7.4207e-12
2.7246e+03	7.1598e-12
2.7271e+03	9.0376e-12
2.7295e+03	9.2680e-12
2.7319e+03	9.8276e-12
2.7344e+03	1.0932e-11
2.7368e+03	1.1011e-11
2.7393e+03	9.0079e-12
2.7417e+03	1.1176e-11
2.7441e+03	9.8580e-12
2.7466e+03	6.9930e-12
2.7490e+03	6.7250e-12
2.7515e+03	6.0893e-12
2.7539e+03	4.8563e-12
2.7563e+03	5.6191e-12
2.7588e+03	5.1391e-12
2.7612e+03	4.4509e-12
2.7637e+03	5.0990e-12
2.7661e+03	4.7761e-12
2.7686e+03	5.1012e-12
2.7710e+03	5.1509e-12
2.7734e+03	5.1280e-12
2.7759e+03	6.0997e-12
2.7783e+03	5.6679e-12
2.7808e+03	6.2006e-12
2.7832e+03	5.5477e-12
2.7856e+03	4.2373e-12
2.7881e+03	4.2932e-12
2.7905e+03	4.5449e-12
2.7930e+03	6.1055e-12
2.7954e+03	6.2934e-12
2.7979e+03	5.8813e-12
2.8003e+03	5.5795e-12
2.8027e+03	4.2657e-12
2.8052e+03	4.6520e-12
2.8076e+03	6.2398e-12
2.8101e+03	6.7314e-12
2.8125e+03	5.7307e-12
2.8149e+03	5.5210e-12
2.8174e+03	5.8209e-12
2.8198e+03	5.1060e-12
2.8223e+03	4.9603e-12
2.8247e+03	6.0566e-12
2.8271e+03	5.7581e-12
2.8296e+03	4.5163e-12
2.8320e+03	4.3282e-12
2.8345e+03	4.9143e-12
2.8369e+03	4.9848e-12
2.8394e+03	5.3943e-12
2.8418e+03	5.4814e-12
2.8442e+03	5.2397e-12
2.8467e+03	5.3603e-12
2.8491e+03	5.1812e-12
2.8516e+03	4.8188e-12
2.8540e+03	4.9082e-12
2.8564e+03	4.2318e-12
2.8589e+03	4.6109e-12
2.8613e+03	4.7561e-12
2.8638e+03	4.5784e-12
2.8662e+03	4.2780e-12
2.8687e+03	4.3815e-12
2.8711e+03	4.6861e-12
2.8735e+03	4.2453e-12
2.8760e+03	4.1507e-12
2.8784e+03	3.8670e-12
2.8809e+03	4.3883e-12
2.8833e+03	3.1930e-12
2.8857e+03	3.8162e-12
2.8882e+03	4.3193e-12
2.8906e+03	4.0945e-12
2.8931e+03	3.7676e-12
2.8955e+03	3.6554e-12
2.8979e+03	4.0072e-12
2.9004e+03	4.3387e-12
2.9028e+03	4.4170e-12
2.9053e+03	4.9040e-12
2.9077e+03	4.5588e-12
2.9102e+03	4.1715e-12
2.9126e+03	4.6066e-12
2.9150e+03	4.1834e-12
2.9175e+03	3.8384e-12
2.9199e+03	4.6536e-12
2.9224e+03	4.6623e-12
2.9248e+03	4.0789e-12
2.9272e+03	4.0126e-12
2.9297e+03	3.4530e-12
2.9321e+03	3.5989e-12
2.9346e+03	3.8672e-12
2.9370e+03	3.8528e-12
2.9395e+03	4.2306e-12
2.9419e+03	4.1369e-12
2.9443e+03	3.9017e-12
2.9468e+03	3.6624e-12
2.9492e+03	4.7605e-12
2.9517e+03	4.9545e-12
2.9541e+03	3.5684e-12
2.9565e+03	3.3447e-12
2.9590e+03	3.7854e-12
2.9614e+03	3.5597e-12
2.9639e+03	3.9491e-12
2.9663e+03	3.9351e-12
2.9688e+03	3.3419e-12
2.9712e+03	3.8477e-12
2.9736e+03	3.3826e-12
2.9761e+03	2.7511e-12
2.9785e+03	2.6905e-12
2.9810e+03	2.7185e-12
2.9834e+03	2.7290e-12
2.9858e+03	2.7152e-12
2.9883e+03	3.2661e-12
2.9907e+03	3.2452e-12
2.9932e+03	3.7598e-12
2.9956e+03	3.3682e-12
2.9980e+03	2.8059e-12
3.0005e+03	2.9241e-12
3.0029e+03	2.7826e-12
3.0054e+03	3.1786e-12
3.0078e+03	3.6147e-12
3.0103e+03	3.0324e-12
3.0127e+03	2.6911e-12
3.0151e+03	3.2445e-12
3.0176e+03	3.3280e-12
3.0200e+03	2.9705e-12
3.0225e+03	2.4584e-12
3.0249e+03	2.6663e-12
3.0273e+03	3.2360e-12
3.0298e+03	3.4810e-12
3.0322e+03	2.7847e-12
3.0347e+03	3.1077e-12
3.0371e+03	3.1859e-12
3.0396e+03	2.5401e-12
3.0420e+03	3.7314e-12
3.0444e+03	4.0869e-12
3.0469e+03	2.5812e-12
3.0493e+03	2.5266e-12
3.0518e+03	2.7816e-12
3.0542e+03	2.8272e-12
3.0566e+03	2.5997e-12
3.0591e+03	2.5037e-12
3.0615e+03	2.1792e-12
3.0640e+03	1.9566e-12
3.0664e+03	2.3922e-12
3.0688e+03	2.3521e-12
3.0713e+03	2.3159e-12
3.0737e+03	2.8200e-12
3.0762e+03	2.7357e-12
3.0786e+03	2.7079e-12
3.0811e+03	2.6156e-12
3.0835e+03	2.2689e-12
3.0859e+03	1.9049e-12
3.0884e+03	2.7193e-12
3.0908e+03	2.7475e-12
3.0933e+03	2.6704e-12
3.0957e+03	2.9897e-12
3.0981e+03	2.7602e-12
3.1006e+03	2.0234e-12
3.1030e+03	1.8882e-12
3.1055e+03	1.9763e-12
3.1079e+03	2.1289e-12
3.1104e+03	1.7509e-12
3.1128e+03	1.8030e-12
3.1152e+03	1.8161e-12
3.1177e+03	2.2117e-12
3.1201e+03	2.4247e-12
3.1226e+03	2.9440e-12
3.1250e+03	2.4697e-12
3.1274e+03	2.5022e-12
3.1299e+03	2.2683e-12
3.1323e+03	2.6381e-12
3.1348e+03	2.0133e-12
3.1372e+03	1.5386e-12
3.1396e+03	1.7955e-12
3.1421e+03	2.0828e-12
3.1445e+03	1.6979e-12
3.1470e+03	1.7269e-12
3.1494e+03	1.9131e-12
3.1519e+03	1.5188e-12
3.1543e+03	1.6267e-12
3.1567e+03	2.0020e-12
3.1592e+03	2.3266e-12
3.1616e+03	2.6288e-12
3.1641e+03	2.2183e-12
3.1665e+03	2.2635e-12
3.1689e+03	2.5093e-12
3.1714e+03	1.9834e-12
3.1738e+03	2.0885e-12
3.1763e+03	1.8796e-12
3.1787e+03	1.6436e-12
3.1812e+03	1.4505e-12
3.1836e+03	1.6067e-12
3.1860e+03	1.7818e-12
3.1885e+03	2.0686e-12
3.1909e+03	1.8307e-12
3.1934e+03	1.8139e-12
3.1958e+03	2.0840e-12
3.1982e+03	1.9038e-12
3.2007e+03	1.3601e-12
3.2031e+03	1.6419e-12
3.2056e+03	1.6215e-12
3.2080e+03	1.2870e-12
3.2104e+03	1.4153e-12
3.2129e+03	1.6772e-12
3.2153e+03	1.3814e-12
3.2178e+03	1.2550e-12
3.2202e+03	1.4573e-12
3.2227e+03	1.5800e-12
3.2251e+03	1.3420e-12
3.2275e+03	1.8574e-12
3.2300e+03	1.6895e-12
3.2324e+03	1.6081e-12
3.2349e+03	1.6516e-12
3.2373e+03	1.9714e-12
3.2397e+03	1.8263e-12
3.2422e+03	1.3764e-12
3.2446e+03	1.2838e-12
3.2471e+03	1.3739e-12
3.2495e+03	1.3865e-12
3.2520e+03	1.8387e-12
3.2544e+03	2.0221e-12
3.2568e+03	1.4008e-12
3.2593e+03	1.1083e-12
3.2617e+03	1.3781e-12
3.2642e+03	1.4555e-12
3.2666e+03	1.3099e-12
3.2690e+03	1.2911e-12
3.2715e+03	1.2580e-12
3.2739e+03	1.3170e-12
3.2764e+03	1.3757e-12
3.2788e+03	1.2678e-12
3.2812e+03	1.3274e-12
3.2837e+03	1.1988e-12
3.2861e+03	9.1430e-13
3.2886e+03	1.2056e-12
3.2910e+03	1.1717e-12
3.2935e+03	8.8405e-13
3.2959e+03	9.7037e-13
3.2983e+03	9.2843e-13
3.3008e+03	1.1109e-12
3.3032e+03	1.3821e-12
3.3057e+03	1.1403e-12
3.3081e+03	1.2831e-12
3.3105e+03	1.4318e-12
3.3130e+03	1.0048e-12
3.3154e+03	1.0775e-12
3.3179e+03	1.2788e-12
3.3203e+03	1.0282e-12
3.3228e+03	8.4170e-13
3.3252e+03	1.0799e-12
3.3276e+03	1.0737e-12
3.3301e+03	8.8464e-13
3.3325e+03	9.4675e-13
3.3350e+03	1.1060e-12
3.3374e+03	1.1623e-12
3.3398e+03	1.0791e-12
3.3423e+03	7.6903e-13
3.3447e+03	9.0542e-13
3.3472e+03	8.8395e-13
3.3496e+03	8.8357e-13
3.3521e+03	9.4024e-13
3.3545e+03	7.8612e-13
3.3569e+03	9.5812e-13
3.3594e+03	9.2771e-13
3.3618e+03	8.9248e-13
3.3643e+03	1.0610e-12
3.3667e+03	8.5644e-13
3.3691e+03	8.8723e-13
3.3716e+03	1.1301e-12
3.3740e+03	1.2122e-12
3.3765e+03	9.8738e-13
3.3789e+03	8.2253e-13
3.3813e+03	6.9335e-13
3.3838e+03	7.2200e-13
3.3862e+03	8.2140e-13
3.3887e+03	6.7380e-13
3.3911e+03	5.7605e-13
3.3936e+03	8.3764e-13
3.3960e+03	9.1430e-13
3.3984e+03	8.5637e-13
3.4009e+03	6.7871e-13
3.4033e+03	6.9687e-13
3.4058e+03	7.1193e-13
3.4082e+03	6.7525e-13
3.4106e+03	6.3532e-13
3.4131e+03	7.8376e-13
3.4155e+03	7.1485e-13
3.4180e+03	7.5873e-13
3.4204e+03	5.9032e-13
3.4229e+03	7.3735e-13
3.4253e+03	7.2120e-13
3.4277e+03	6.2565e-13
3.4302e+03	7.2407e-13
3.4326e+03	7.5544e-13
3.4351e+03	9.1643e-13
3.4375e+03	9.2142e-13
3.4399e+03	6.7354e-13
3.4424e+03	7.0138e-13
3.4448e+03	6.6693e-13
3.4473e+03	5.6515e-13
3.4497e+03	5.9277e-13
3.4521e+03	6.4752e-13
3.4546e+03	4.7778e-13
3.4570e+03	5.4162e-13
3.4595e+03	5.0907e-13
3.4619e+03	5.3479e-13
3.4644e+03	6.4955e-13
3.4668e+03	6.5161e-13
3.4692e+03	6.0230e-13
3.4717e+03	6.1996e-13
3.4741e+03	7.2903e-13
3.4766e+03	5.8342e-13
3.4790e+03	5.9371e-13
3.4814e+03	5.9030e-13
3.4839e+03	5.4581e-13
3.4863e+03	5.8199e-13
3.4888e+03	5.5281e-13
3.4912e+03	5.6851e-13
3.4937e+03	5.8293e-13
3.4961e+03	5.4661e-13
3.4985e+03	4.4113e-13
3.5010e+03	4.4681e-13
3.5034e+03	5.5847e-13
3.5059e+03	5.6750e-13
3.5083e+03	6.8257e-13
3.5107e+03	4.0272e-13
3.5132e+03	4.0336e-13
3.5156e+03	5.2368e-13
3.5181e+03	4.6332e-13
3.5205e+03	4.9230e-13
3.5229e+03	4.5364e-13
3.5254e+03	4.3502e-13
3.5278e+03	4.7672e-13
3.5303e+03	4.5154e-13
3.5327e+03	3.9343e-13
3.5352e+03	3.9163e-13
3.5376e+03	4.6411e-13
3.5400e+03	5.0084e-13
3.5425e+03	4.3990e-13
3.5449e+03	3.6116e-13
3.5474e+03	3.7536e-13
3.5498e+03	4.1651e-13
3.5522e+03	4.2514e-13
3.5547e+03	4.1519e-13
3.5571e+03	4.4944e-13
3.5596e+03	3.9858e-13
3.5620e+03	3.7264e-13
3.5645e+03	3.8689e-13
3.5669e+03	3.9643e-13
3.5693e+03	3.6885e-13
3.5718e+03	3.7274e-13
3.5742e+03	2.8987e-13
3.5767e+03	3.3593e-13
3.5791e+03	3.7217e-13
3.5815e+03	3.3031e-13
3.5840e+03	3.6903e-13
3.5864e+03	3.1107e-13
3.5889e+03	3.5876e-13
3.5913e+03	3.7083e-13
3.5938e+03	3.1756e-13
3.5962e+03	2.6868e-13
3.5986e+03	3.4749e-13
3.6011e+03	3.3308e-13
3.6035e+03	3.5595e-13
3.6060e+03	3.5669e-13
3.6084e+03	4.0196e-13
3.6108e+03	3.4150e-13
3.6133e+03	3.2511e-13
3.6157e+03	2.6381e-13
3.6182e+03	2.4048e-13
3.6206e+03	2.4295e-13
3.6230e+03	2.5976e-13
3.6255e+03	2.7314e-13
3.6279e+03	3.7458e-13
3.6304e+03	3.8272e-13
3.6328e+03	3.4562e-13
3.6353e+03	3.2786e-13
3.6377e+03	2.9130e-13
3.6401e+03	3.0552e-13
3.6426e+03	3.1204e-13
3.6450e+03	2.6168e-13
3.6475e+03	2.1362e-13
3.6499e+03	2.0628e-13
3.6523e+03	2.3596e-13
3.6548e+03	3.0322e-13
3.6572e+03	2.4982e-13
3.6597e+03	2.6326e-13
3.6621e+03	1.9681e-13
3.6646e+03	2.3087e-13
3.6670e+03	2.2677e-13
3.6694e+03	2.0988e-13
3.6719e+03	2.2862e-13
3.6743e+03	2.2435e-13
3.6768e+03	1.8290e-13
3.6792e+03	2.0788e-13
3.6816e+03	2.4546e-13
3.6841e+03	1.9614e-13
3.6865e+03	1.8219e-13
3.6890e+03	2.0783e-13
3.6914e+03	1.8522e-13
3.6938e+03	1.5827e-13
3.6963e+03	1.3614e-13
3.6987e+03	1.5846e-13
3.7012e+03	1.7382e-13
3.7036e+03	1.9028e-13
3.7061e+03	1.8089e-13
3.7085e+03	1.8696e-13
3.7109e+03	1.7125e-13
3.7134e+03	1.6119e-13
3.7158e+03	1.5638e-13
3.7183e+03	1.2987e-13
3.7207e+03	1.7607e-13
3.7231e+03	1.8867e-13
3.7256e+03	1.6668e-13
3.7280e+03	1.3019e-13
3.7305e+03	1.4044e-13
3.7329e+03	1.6762e-13
3.7354e+03	1.6672e-13
3.7378e+03	1.8631e-13
3.7402e+03	1.5789e-13
3.7427e+03	4.4408e-13
3.7451e+03	6.5001e-13
3.7476e+03	6.5509e-13
3.7500e+03	6.4380e-13
3.7524e+03	6.8568e-13
3.7549e+03	6.1308e-13
3.7573e+03	5.4755e-13
3.7598e+03	5.7421e-13
3.7622e+03	5.0990e-13
3.7646e+03	3.5664e-13
3.7671e+03	4.4288e-13
3.7695e+03	4.2195e-13
3.7720e+03	4.1448e-13
3.7744e+03	4.1579e-13
3.7769e+03	3.9208e-13
3.7793e+03	3.5888e-13
3.7817e+03	4.8693e-13
3.7842e+03	4.6339e-13
3.7866e+03	3.6456e-13
3.7891e+03	3.7958e-13
3.7915e+03	3.9188e-13
3.7939e+03	3.0707e-13
3.7964e+03	2.7892e-13
3.7988e+03	3.3374e-13
3.8013e+03	3.3603e-13
3.8037e+03	2.8558e-13
3.8062e+03	2.7859e-13
3.8086e+03	2.6353e-13
3.8110e+03	2.3020e-13
3.8135e+03	2.1637e-13
3.8159e+03	2.7002e-13
3.8184e+03	2.3416e-13
3.8208e+03	1.8251e-13
3.8232e+03	1.7565e-13
3.8257e+03	1.6022e-13
3.8281e+03	1.8916e-13
3.8306e+03	1.6334e-13
3.8330e+03	1.4902e-13
3.8354e+03	1.4698e-13
3.8379e+03	1.4897e-13
3.8403e+03	1.5742e-13
3.8428e+03	2.0386e-13
3.8452e+03	1.6982e-13
3.8477e+03	1.2208e-13
3.8501e+03	1.9013e-13
3.8525e+03	1.8007e-13
3.8550e+03	1.2222e-13
3.8574e+03	1.3318e-13
3.8599e+03	1.6573e-13
3.8623e+03	1.2142e-13
3.8647e+03	1.2289e-13
3.8672e+03	1.2074e-13
3.8696e+03	1.5443e-13
3.8721e+03	1.4259e-13
3.8745e+03	1.3735e-13
3.8770e+03	1.2510e-13
3.8794e+03	1.0345e-13
3.8818e+03	1.1275e-13
3.8843e+03	1.0518e-13
3.8867e+03	9.1320e-14
3.8892e+03	9.6455e-14
3.8916e+03	9.2140e-14
3.8940e+03	9.7429e-14
3.8965e+03	9.2771e-14
3.8989e+03	8.7265e-14
3.9014e+03	6.8570e-14
3.9038e+03	7.2662e-14
3.9062e+03	6.6697e-14
3.9087e+03	5.5239e-14
3.9111e+03	6.5361e-14
3.9136e+03	7.0218e-14
3.9160e+03	6.1309e-14
3.9185e+03	4.9709e-14
3.9209e+03	5.0676e-14
3.9233e+03	4.6233e-14
3.9258e+03	5.8693e-14
3.9282e+03	5.2540e-14
3.9307e+03	4.9726e-14
3.9331e+03	5.1215e-14
3.9355e+03	4.9028e-14
3.9380e+03	4.5668e-14
3.9404e+03	4.4877e-14
3.9429e+03	3.7538e-14
3.9453e+03	4.4469e-14
3.9478e+03	4.5630e-14
3.9502e+03	3.7252e-14
3.9526e+03	3.3889e-14
3.9551e+03	3.5566e-14
3.9575e+03	3.8613e-14
3.9600e+03	4.1017e-14
3.9624e+03	3.9298e-14
3.9648e+03	4.6491e-14
3.9673e+03	4.0572e-14
3.9697e+03	4.6605e-14
3.9722e+03	3.5106e-14
3.9746e+03	3.5411e-14
3.9771e+03	4.0257e-14
3.9795e+03	3.7717e-14
3.9819e+03	2.9509e-14
3.9844e+03	2.9072e-14
3.9868e+03	4.1727e-14
3.9893e+03	4.7093e-14
3.9917e+03	4.2092e-14
3.9941e+03	3.9322e-14
3.9966e+03	3.2259e-14
3.9990e+03	2.7219e-14
4.0015e+03	2.7295e-14
4.0039e+03	3.3474e-14
4.0063e+03	3.4729e-14
4.0088e+03	3.2557e-14
4.0112e+03	3.3104e-14
4.0137e+03	3.5148e-14
4.0161e+03	3.4117e-14
4.0186e+03	3.8724e-14
4.0210e+03	3.5577e-14
4.0234e+03	3.2390e-14
4.0259e+03	4.2325e-14
4.0283e+03	4.1528e-14
4.0308e+03	3.3627e-14
4.0332e+03	3.3881e-14
4.0356e+03	3.6660e-14
4.0381e+03	3.6661e-14
4.0405e+03	4.6734e-14
4.0430e+03	4.9638e-14
4.0454e+03	5.4984e-14
4.0479e+03	5.9067e-14
4.0503e+03	5.1265e-14
4.0527e+03	5.2699e-14
4.0552e+03	5.8457e-14
4.0576e+03	6.5360e-14
4.0601e+03	7.4697e-14
4.0625e+03	8.9807e-14
4.0649e+03	8.6152e-14
4.0674e+03	8.4411e-14
4.0698e+03	7.4237e-14
4.0723e+03	6.7381e-14
4.0747e+03	9.3339e-14
4.0771e+03	1.1608e-13
4.0796e+03	9.3948e-14
4.0820e+03	7.0241e-14
4.0845e+03	8.2909e-14
4.0869e+03	9.7174e-14
4.0894e+03	1.0088e-13
4.0918e+03	1.3501e-13
4.0942e+03	1.1446e-13
4.0967e+03	1.0095e-13
4.0991e+03	1.1819e-13
4.1016e+03	9.2717e-14
4.1040e+03	9.3788e-14
4.1064e+03	9.4413e-14
4.1089e+03	1.0498e-13
4.1113e+03	1.1008e-13
4.1138e+03	1.2865e-13
4.1162e+03	1.3999e-13
4.1187e+03	1.6626e-13
4.1211e+03	1.6796e-13
4.1235e+03	1.1999e-13
4.1260e+03	1.6378e-13
4.1284e+03	1.7052e-13
4.1309e+03	1.7116e-13
4.1333e+03	1.8593e-13
4.1357e+03	1.8746e-13
4.1382e+03	1.9630e-13
4.1406e+03	1.7515e-13
4.1431e+03	2.4101e-13
4.1455e+03	2.7534e-13
4.1479e+03	2.2343e-13
4.1504e+03	2.5923e-13
4.1528e+03	3.8791e-13
4.1553e+03	3.7074e-13
4.1577e+03	2.8032e-13
4.1602e+03	3.1601e-13
4.1626e+03	3.3278e-13
4.1650e+03	3.1298e-13
4.1675e+03	3.6616e-13
4.1699e+03	3.5831e-13
4.1724e+03	3.5620e-13
4.1748e+03	5.0785e-13
4.1772e+03	5.5420e-13
4.1797e+03	4.6638e-13
4.1821e+03	4.6406e-13
4.1846e+03	4.7865e-13
4.1870e+03	5.1549e-13
4.1895e+03	7.0744e-13
4.1919e+03	4.8523e-13
4.1943e+03	1.4619e-13
4.1968e+03	1.3854e-14
4.1992e+03	7.8026e-15
4.2017e+03	9.8676e-15
4.2041e+03	8.3851e-15
4.2065e+03	8.1801e-15
4.2090e+03	1.0461e-14
4.2114e+03	1.0480e-14
4.2139e+03	1.3584e-14
4.2163e+03	1.5144e-14
4.2188e+03	1.1452e-14
4.2212e+03	9.8186e-15
4.2236e+03	1.0438e-14
4.2261e+03	1.0003e-14
4.2285e+03	8.7668e-15
4.2310e+03	8.2474e-15
4.2334e+03	1.0976e-14
4.2358e+03	1.2467e-14
4.2383e+03	9.8840e-15
4.2407e+03	9.4477e-15
4.2432e+03	7.8829e-15
4.2456e+03	9.2316e-15
4.2480e+03	1.1150e-14
4.2505e+03	1.0650e-14
4.2529e+03	8.9944e-15
4.2554e+03	1.1729e-14
4.2578e+03	1.3181e-14
4.2603e+03	1.0514e-14
4.2627e+03	1.2472e-14
4.2651e+03	1.4674e-14
4.2676e+03	1.7644e-14
4.2700e+03	7.1990e-14
4.2725e+03	3.0623e-13
4.2749e+03	7.9273e-12
4.2773e+03	5.3266e-10
4.2798e+03	2.1508e-09
4.2822e+03	3.4380e-09
4.2847e+03	2.6116e-09
4.2871e+03	2.2132e-09
4.2896e+03	2.1754e-09
4.2920e+03	2.1512e-09
4.2944e+03	2.5574e-09
4.2969e+03	2.4814e-09
4.2993e+03	1.8002e-09
4.3018e+03	1.5005e-09
4.3042e+03	1.5974e-09
4.3066e+03	1.4910e-09
4.3091e+03	1.6712e-09
4.3115e+03	1.4896e-09
4.3140e+03	1.2594e-09
4.3164e+03	1.6002e-09
4.3188e+03	1.8613e-09
4.3213e+03	1.3298e-09
4.3237e+03	9.9403e-10
4.3262e+03	1.1609e-09
4.3286e+03	1.1171e-09
4.3311e+03	8.0773e-10
4.3335e+03	7.8080e-10
4.3359e+03	8.2044e-10
4.3384e+03	8.2940e-10
4.3408e+03	7.7864e-10
4.3433e+03	7.3729e-10
4.3457e+03	6.9876e-10
4.3481e+03	4.8675e-10
4.3506e+03	6.3416e-10
4.3530e+03	6.7477e-10
4.3555e+03	5.3658e-10
4.3579e+03	4.7536e-10
4.3604e+03	4.4779e-10
4.3628e+03	4.1232e-10
4.3652e+03	3.8178e-10
4.3677e+03	3.2248e-10
4.3701e+03	3.3594e-10
4.3726e+03	4.4713e-10
4.3750e+03	3.9350e-10
4.3774e+03	4.0183e-10
4.3799e+03	4.7949e-10
4.3823e+03	3.4532e-10
4.3848e+03	3.1608e-10
4.3872e+03	3.8024e-10
4.3896e+03	2.7194e-10
4.3921e+03	2.9855e-10
4.3945e+03	3.9668e-10
4.3970e+03	3.0402e-10
4.3994e+03	1.9393e-10
4.4019e+03	2.7714e-10
4.4043e+03	3.4082e-10
4.4067e+03	3.0203e-10
4.4092e+03	2.4663e-10
4.4116e+03	2.3856e-10
4.4141e+03	2.0927e-10
4.4165e+03	1.5764e-10
4.4189e+03	1.0467e-10
4.4214e+03	1.1489e-10
4.4238e+03	1.2722e-10
4.4263e+03	9.7263e-11
4.4287e+03	1.1067e-10
4.4312e+03	8.7543e-11
4.4336e+03	6.8213e-11
4.4360e+03	5.8643e-11
4.4385e+03	4.0019e-11
4.4409e+03	3.6907e-11
4.4434e+03	3.0533e-11
4.4458e+03	2.8624e-11
4.4482e+03	2.3752e-11
4.4507e+03	2.0345e-11
4.4531e+03	1.8418e-11
4.4556e+03	1.3911e-11
4.4580e+03	1.3083e-11
4.4604e+03	1.1560e-11
4.4629e+03	1.2058e-11
4.4653e+03	9.6880e-12
4.4678e+03	7.5436e-12
4.4702e+03	5.0523e-12
4.4727e+03	3.5991e-12
4.4751e+03	2.3198e-12
4.4775e+03	1.3650e-12
4.4800e+03	1.1982e-12
4.4824e+03	8.7312e-13
4.4849e+03	7.3488e-13
4.4873e+03	6.8314e-13
4.4897e+03	4.3153e-13
4.4922e+03	2.1449e-13
4.4946e+03	5.2457e-14
4.4971e+03	1.1100e-14
4.4995e+03	8.3601e-15
4.5020e+03	9.1272e-15
4.5044e+03	1.0643e-14
4.5068e+03	8.8465e-15
4.5093e+03	6.9692e-15
4.5117e+03	1.4733e-14
4.5142e+03	9.4963e-14
4.5166e+03	2.7597e-13
4.5190e+03	5.0905e-13
4.5215e+03	7.1651e-13
4.5239e+03	7.4783e-13
4.5264e+03	9.8082e-13
4.5288e+03	1.1708e-12
4.5312e+03	1.4806e-12
4.5337e+03	2.5632e-12
4.5361e+03	3.7752e-12
4.5386e+03	5.4532e-12
4.5410e+03	7.7961e-12
4.5435e+03	9.8610e-12
4.5459e+03	1.1242e-11
4.5483e+03	1.0944e-11
4.5508e+03	1.2329e-11
4.5532e+03	1.3789e-11
4.5557e+03	1.7688e-11
4.5581e+03	1.9060e-11
4.5605e+03	2.3154e-11
4.5630e+03	2.5987e-11
4.5654e+03	2.9305e-11
4.5679e+03	3.3475e-11
4.5703e+03	3.9601e-11
4.5728e+03	5.5863e-11
4.5752e+03	6.4024e-11
4.5776e+03	8.4663e-11
4.5801e+03	9.4816e-11
4.5825e+03	8.8721e-11
4.5850e+03	1.1282e-10
4.5874e+03	9.1727e-11
4.5898e+03	9.8857e-11
4.5923e+03	1.5327e-10
4.5947e+03	1.8559e-10
4.5972e+03	2.0726e-10
4.5996e+03	2.1762e-10
4.6021e+03	2.6808e-10
4.6045e+03	2.8037e-10
4.6069e+03	1.9991e-10
4.6094e+03	1.7072e-10
4.6118e+03	2.9490e-10
4.6143e+03	3.0872e-10
4.6167e+03	2.2066e-10
4.6191e+03	2.5015e-10
4.6216e+03	3.0569e-10
4.6240e+03	2.4337e-10
4.6265e+03	3.1764e-10
4.6289e+03	3.7899e-10
4.6313e+03	3.0289e-10
4.6338e+03	3.3416e-10
4.6362e+03	3.3119e-10
4.6387e+03	2.5061e-10
4.6411e+03	2.6494e-10
4.6436e+03	3.0673e-10
4.6460e+03	3.3248e-10
4.6484e+03	3.4777e-10
4.6509e+03	3.7970e-10
4.6533e+03	4.4554e-10
4.6558e+03	5.2580e-10
4.6582e+03	4.3159e-10
4.6606e+03	4.0603e-10
4.6631e+03	5.5541e-10
4.6655e+03	5.5044e-10
4.6680e+03	6.0608e-10
4.6704e+03	6.1250e-10
4.6729e+03	6.1037e-10
4.6753e+03	5.4759e-10
4.6777e+03	6.7677e-10
4.6802e+03	8.4632e-10
4.6826e+03	8.0920e-10
4.6851e+03	7.4162e-10
4.6875e+03	1.1054e-09
4.6899e+03	1.3547e-09
4.6924e+03	1.0076e-09
4.6948e+03	9.4244e-10
4.6973e+03	1.1060e-09
4.6997e+03	1.1567e-09
4.7021e+03	1.0514e-09
4.7046e+03	1.1321e-09
4.7070e+03	1.0202e-09
4.7095e+03	1.4438e-09
4.7119e+03	1.7692e-09
4.7144e+03	1.6841e-09
4.7168e+03	1.4408e-09
4.7192e+03	1.5153e-09
4.7217e+03	1.4936e-09
4.7241e+03	2.0428e-09
4.7266e+03	2.1574e-09
4.7290e+03	1.0595e-09
4.7314e+03	1.5045e-10
4.7339e+03	3.4907e-13
4.7363e+03	4.0996e-14
4.7388e+03	1.7819e-14
4.7412e+03	1.1133e-14
4.7437e+03	9.5628e-15
4.7461e+03	7.4302e-15
4.7485e+03	7.4165e-15
4.7510e+03	9.2220e-15
4.7534e+03	8.3771e-15
4.7559e+03	8.3098e-15
4.7583e+03	8.8558e-15
4.7607e+03	9.3684e-15
4.7632e+03	6.9151e-15
4.7656e+03	8.8631e-15
4.7681e+03	8.6465e-15
4.7705e+03	7.3309e-15
4.7729e+03	8.4232e-15
4.7754e+03	7.9123e-15
4.7778e+03	8.8552e-15
4.7803e+03	9.3388e-15
4.7827e+03	9.4974e-15
4.7852e+03	8.6068e-15
4.7876e+03	6.9725e-15
4.7900e+03	1.1503e-14
4.7925e+03	1.3365e-14
4.7949e+03	1.0216e-14
4.7974e+03	9.1180e-15
4.7998e+03	9.7222e-15
4.8022e+03	7.8753e-15
4.8047e+03	7.9527e-15
4.8071e+03	9.2573e-15
4.8096e+03	9.6594e-15
4.8120e+03	1.7694e-14
4.8145e+03	1.0602e-13
4.8169e+03	2.4970e-13
4.8193e+03	2.8310e-13
4.8218e+03	1.9403e-13
4.8242e+03	1.9723e-13
4.8267e+03	1.8578e-13
4.8291e+03	2.1146e-13
4.8315e+03	2.4197e-13
4.8340e+03	1.9774e-13
4.8364e+03	1.3393e-13
4.8389e+03	1.5931e-13
4.8413e+03	1.4199e-13
4.8438e+03	1.3425e-13
4.8462e+03	1.3853e-13
4.8486e+03	1.2933e-13
4.8511e+03	1.2487e-13
4.8535e+03	1.8156e-13
4.8560e+03	1.5281e-13
4.8584e+03	9.5239e-14
4.8608e+03	1.0514e-13
4.8633e+03	1.2074e-13
4.8657e+03	8.9254e-14
4.8682e+03	7.5551e-14
4.8706e+03	8.2412e-14
4.8730e+03	7.6302e-14
4.8755e+03	8.1756e-14
4.8779e+03	6.9638e-14
4.8804e+03	7.6076e-14
4.8828e+03	6.4420e-14
4.8853e+03	5.9387e-14
4.8877e+03	8.4017e-14
4.8901e+03	7.0508e-14
4.8926e+03	6.2927e-14
4.8950e+03	5.4236e-14
4.8975e+03	4.7415e-14
4.8999e+03	4.5121e-14
4.9023e+03	4.1093e-14
4.9048e+03	4.6403e-14
4.9072e+03	5.1336e-14
4.9097e+03	5.0785e-14
4.9121e+03	4.4410e-14
4.9146e+03	5.4909e-14
4.9170e+03	5.5039e-14
4.9194e+03	4.1684e-14
4.9219e+03	4.3859e-14
4.9243e+03	3.2585e-14
4.9268e+03	3.8084e-14
4.9292e+03	4.2849e-14
4.9316e+03	4.9697e-14
4.9341e+03	4.0113e-14
4.9365e+03	3.1945e-14
4.9390e+03	3.4881e-14
4.9414e+03	3.7167e-14
4.9438e+03	3.8307e-14
4.9463e+03	3.7323e-14
4.9487e+03	3.5647e-14
4.9512e+03	3.2117e-14
4.9536e+03	2.8561e-14
4.9561e+03	2.5311e-14
4.9585e+03	2.6839e-14
4.9609e+03	2.7324e-14
4.9634e+03	2.7689e-14
4.9658e+03	2.4299e-14
4.9683e+03	1.9780e-14
4.9707e+03	1.8118e-14
4.9731e+03	1.6704e-14
4.9756e+03	1.6664e-14
4.9780e+03	2.1883e-14
4.9805e+03	2.2516e-14
4.9829e+03	2.0056e-14
4.9854e+03	1.7058e-14
4.9878e+03	2.0639e-14
4.9902e+03	1.8994e-14
4.9927e+03	1.7707e-14
4.9951e+03	1.5177e-14
4.9976e+03	1.6569e-14
5.0000e+03	1.7253e-14
5.0024e+03	1.9845e-14
5.0049e+03	1.7513e-14
5.0073e+03	1.6031e-14
5.0098e+03	1.6825e-14
5.0122e+03	1.8353e-14
5.0146e+03	2.0621e-14
5.0171e+03	2.0780e-14
5.0195e+03	2.2381e-14
5.0220e+03	1.8098e-14
5.0244e+03	1.4534e-14
5.0269e+03	1.9573e-14
5.0293e+03	2.0608e-14
5.0317e+03	1.9229e-14
5.0342e+03	1.6578e-14
5.0366e+03	1.7720e-14
5.0391e+03	1.9655e-14
5.0415e+03	1.8720e-14
5.0439e+03	2.2014e-14
5.0464e+03	1.8801e-14
5.0488e+03	1.8085e-14
5.0513e+03	1.6940e-14
5.0537e+03	1.6629e-14
5.0562e+03	1.6062e-14
5.0586e+03	1.8416e-14
5.0610e+03	2.0714e-14
5.0635e+03	1.9942e-14
5.0659e+03	1.9916e-14
5.0684e+03	2.0597e-14
5.0708e+03	1.9896e-14
5.0732e+03	2.2830e-14
5.0757e+03	2.1236e-14
5.0781e+03	2.0597e-14
5.0806e+03	2.5000e-14
5.0830e+03	2.1332e-14
5.0854e+03	1.9074e-14
5.0879e+03	2.1562e-14
5.0903e+03	2.3169e-14
5.0928e+03	2.9364e-14
5.0952e+03	2.8751e-14
5.0977e+03	2.8235e-14
5.1001e+03	2.5702e-14
5.1025e+03	3.2765e-14
5.1050e+03	2.6604e-14
5.1074e+03	2.8401e-14
5.1099e+03	3.2039e-14
5.1123e+03	3.2908e-14
5.1147e+03	3.5049e-14
5.1172e+03	3.6050e-14
5.1196e+03	3.7487e-14
5.1221e+03	3.5323e-14
5.1245e+03	4.3967e-14
5.1270e+03	4.4276e-14
5.1294e+03	4.4317e-14
5.1318e+03	5.1451e-14
5.1343e+03	5.5039e-14
5.1367e+03	5.8340e-14
5.1392e+03	5.6093e-14
5.1416e+03	4.8677e-14
5.1440e+03	4.6215e-14
5.1465e+03	5.7942e-14
5.1489e+03	6.5448e-14
5.1514e+03	4.9118e-14
5.1538e+03	5.3484e-14
5.1562e+03	7.1950e-14
5.1587e+03	5.8823e-14
5.1611e+03	4.8134e-14
5.1636e+03	7.3995e-14
5.1660e+03	7.0433e-14
5.1685e+03	5.5233e-14
5.1709e+03	6.5889e-14
5.1733e+03	5.7937e-14
5.1758e+03	5.6919e-14
5.1782e+03	6.4185e-14
5.1807e+03	6.8207e-14
5.1831e+03	6.2803e-14
5.1855e+03	6.8853e-14
5.1880e+03	7.2204e-14
5.1904e+03	1.0140e-13
5.1929e+03	1.0257e-13
5.1953e+03	8.4498e-14
5.1978e+03	1.0076e-13
5.2002e+03	1.0348e-13
5.2026e+03	1.0576e-13
5.2051e+03	1.1528e-13
5.2075e+03	1.2238e-13
5.2100e+03	1.2551e-13
5.2124e+03	1.0262e-13
5.2148e+03	1.3075e-13
5.2173e+03	1.5666e-13
5.2197e+03	1.4167e-13
5.2222e+03	1.5656e-13
5.2246e+03	1.9327e-13
5.2271e+03	1.7697e-13
5.2295e+03	1.3902e-13
5.2319e+03	1.5803e-13
5.2344e+03	1.6703e-13
5.2368e+03	1.6021e-13
5.2393e+03	1.8058e-13
5.2417e+03	1.6275e-13
5.2441e+03	1.5595e-13
5.2466e+03	2.2431e-13
5.2490e+03	2.1862e-13
5.2515e+03	2.1143e-13
5.2539e+03	2.3782e-13
5.2563e+03	2.5516e-13
5.2588e+03	2.3787e-13
5.2612e+03	2.6667e-13
5.2637e+03	2.3490e-13
5.2661e+03	1.1661e-13
5.2686e+03	4.2745e-14
5.2710e+03	5.3186e-14
5.2734e+03	4.9728e-14
5.2759e+03	4.7044e-14
5.2783e+03	3.6010e-14
5.2808e+03	3.5981e-14
5.2832e+03	4.9803e-14
5.2856e+03	5.3276e-14
5.2881e+03	4.3128e-14
5.2905e+03	3.3128e-14
5.2930e+03	4.0096e-14
5.2954e+03	3.8083e-14
5.2979e+03	4.6654e-14
5.3003e+03	4.8302e-14
5.3027e+03	4.9658e-14
5.3052e+03	4.7975e-14
5.3076e+03	4.5381e-14
5.3101e+03	3.8283e-14
5.3125e+03	3.3249e-14
5.3149e+03	4.0255e-14
5.3174e+03	5.1302e-14
5.3198e+03	5.0255e-14
5.3223e+03	4.7160e-14
5.3247e+03	5.2033e-14
5.3271e+03	5.7447e-14
5.3296e+03	4.2262e-14
5.3320e+03	4.2852e-14
5.3345e+03	5.2349e-14
5.3369e+03	5.2037e-14
5.3394e+03	5.1169e-14
5.3418e+03	5.4695e-14
5.3442e+03	4.6984e-14
5.3467e+03	4.6390e-14
5.3491e+03	6.1188e-14
5.3516e+03	7.3132e-14
5.3540e+03	8.8526e-14
5.3564e+03	6.0163e-14
5.3589e+03	5.5404e-14
5.3613e+03	5.8006e-14
5.3638e+03	7.3780e-14
5.3662e+03	7.4406e-14
5.3687e+03	7.2426e-14
5.3711e+03	6.7762e-14
5.3735e+03	7.5858e-14
5.3760e+03	8.0828e-14
5.3784e+03	9.2894e-14
5.3809e+03	7.7019e-14
5.3833e+03	6.0118e-14
5.3857e+03	5.9401e-14
5.3882e+03	6.1717e-14
5.3906e+03	5.6973e-14
5.3931e+03	7.2983e-14
5.3955e+03	7.5745e-14
5.3979e+03	8.5765e-14
5.4004e+03	8.4747e-14
5.4028e+03	7.5509e-14
5.4053e+03	7.7520e-14
5.4077e+03	7.5531e-14
5.4102e+03	7.1869e-14
5.4126e+03	5.2859e-14
5.4150e+03	6.9786e-14
5.4175e+03	7.1965e-14
5.4199e+03	6.7292e-14
5.4224e+03	6.5108e-14
5.4248e+03	8.0061e-14
5.4272e+03	6.7155e-14
5.4297e+03	8.0762e-14
5.4321e+03	5.7153e-14
5.4346e+03	5.8236e-14
5.4370e+03	7.5588e-14
5.4395e+03	6.9162e-14
5.4419e+03	7.6544e-14
5.4443e+03	7.0511e-14
5.4468e+03	7.6308e-14
5.4492e+03	8.4610e-14
5.4517e+03	8.6167e-14
5.4541e+03	7.7091e-14
5.4565e+03	8.1366e-14
5.4590e+03	7.7738e-14
5.4614e+03	6.4224e-14
5.4639e+03	7.0177e-14
5.4663e+03	8.3485e-14
5.4688e+03	8.7702e-14
5.4712e+03	7.7652e-14
5.4736e+03	6.9966e-14
5.4761e+03	7.4006e-14
5.4785e+03	8.4482e-14
5.4810e+03	7.8861e-14
5.4834e+03	7.4445e-14
5.4858e+03	8.0637e-14
5.4883e+03	8.3993e-14
5.4907e+03	8.6435e-14
5.4932e+03	8.7153e-14
5.4956e+03	6.1667e-14
5.4980e+03	8.4544e-14
5.5005e+03	1.1659e-13
5.5029e+03	9.1003e-14
5.5054e+03	8.8874e-14
5.5078e+03	6.8812e-14
5.5103e+03	7.8529e-14
5.5127e+03	9.1403e-14
5.5151e+03	1.0020e-13
5.5176e+03	9.5703e-14
5.5200e+03	9.3419e-14
5.5225e+03	8.7015e-14
5.5249e+03	8.3351e-14
5.5273e+03	9.7068e-14
5.5298e+03	8.9877e-14
5.5322e+03	9.9007e-14
5.5347e+03	1.1494e-13
5.5371e+03	9.0580e-14
5.5396e+03	9.7766e-14
5.5420e+03	1.0883e-13
5.5444e+03	9.8428e-14
5.5469e+03	7.6499e-14
5.5493e+03	8.2563e-14
5.5518e+03	7.4730e-14
5.5542e+03	8.8110e-14
5.5566e+03	9.6547e-14
5.5591e+03	8.6742e-14
5.5615e+03	9.0146e-14
5.5640e+03	1.1203e-13
5.5664e+03	1.0242e-13
5.5688e+03	1.1623e-13
5.5713e+03	1.3841e-13
5.5737e+03	1.3066e-13
5.5762e+03	1.0576e-13
5.5786e+03	9.6535e-14
5.5811e+03	9.3559e-14
5.5835e+03	1.1644e-13
5.5859e+03	1.0185e-13
5.5884e+03	9.0798e-14
5.5908e+03	1.0770e-13
5.5933e+03	1.1556e-13
5.5957e+03	1.0888e-13
5.5981e+03	9.4149e-14
5.6006e+03	1.0733e-13
5.6030e+03	1.0942e-13
5.6055e+03	9.7242e-14
5.6079e+03	1.1073e-13
5.6104e+03	1.2868e-13
5.6128e+03	1.3306e-13
5.6152e+03	1.0761e-13
5.6177e+03	8.4489e-14
5.6201e+03	1.0076e-13
5.6226e+03	1.1279e-13
5.6250e+03	1.0203e-13
5.6274e+03	1.0338e-13
5.6299e+03	1.2558e-13
5.6323e+03	1.4371e-13
5.6348e+03	1.6877e-13
5.6372e+03	1.5762e-13
5.6396e+03	1.2587e-13
5.6421e+03	1.2059e-13
5.6445e+03	1.2611e-13
5.6470e+03	1.0621e-13
5.6494e+03	1.2307e-13
5.6519e+03	1.1384e-13
5.6543e+03	1.0415e-13
5.6567e+03	1.2172e-13
5.6592e+03	1.0129e-13
5.6616e+03	1.0770e-13
5.6641e+03	1.0254e-13
5.6665e+03	9.9965e-14
5.6689e+03	1.5151e-13
5.6714e+03	1.3764e-13
5.6738e+03	1.4308e-13
5.6763e+03	1.0147e-13
5.6787e+03	1.1877e-13
5.6812e+03	1.2412e-13
5.6836e+03	1.2950e-13
5.6860e+03	1.0035e-13
5.6885e+03	1.3670e-13
5.6909e+03	1.4471e-13
5.6934e+03	1.1528e-13
5.6958e+03	1.3256e-13
5.6982e+03	1.6781e-13
5.7007e+03	1.3145e-13
5.7031e+03	1.4010e-13
5.7056e+03	1.5115e-13
5.7080e+03	1.2232e-13
5.7104e+03	9.9756e-14
5.7129e+03	1.0590e-13
5.7153e+03	1.0645e-13
5.7178e+03	1.4465e-13
5.7202e+03	1.2742e-13
5.7227e+03	1.1169e-13
5.7251e+03	1.6153e-13
5.7275e+03	2.1674e-13
5.7300e+03	2.4189e-13
5.7324e+03	2.1830e-13
5.7349e+03	2.5087e-13
5.7373e+03	2.2656e-13
5.7397e+03	2.2487e-13
5.7422e+03	2.3522e-13
5.7446e+03	2.6259e-13
5.7471e+03	2.3563e-13
5.7495e+03	1.7620e-13
5.7520e+03	2.6403e-13
5.7544e+03	2.9492e-13
5.7568e+03	2.4852e-13
5.7593e+03	2.1694e-13
5.7617e+03	2.0723e-13
5.7642e+03	2.0860e-13
5.7666e+03	2.4482e-13
5.7690e+03	2.8342e-13
5.7715e+03	2.4757e-13
5.7739e+03	2.1872e-13
5.7764e+03	2.1772e-13
5.7788e+03	2.0171e-13
5.7812e+03	2.3164e-13
5.7837e+03	1.7321e-13
5.7861e+03	1.9229e-13
5.7886e+03	1.7141e-13
5.7910e+03	1.6159e-13
5.7935e+03	1.7331e-13
5.7959e+03	1.8972e-13
5.7983e+03	1.6117e-13
5.8008e+03	1.6329e-13
5.8032e+03	1.8915e-13
5.8057e+03	1.5606e-13
5.8081e+03	1.5873e-13
5.8105e+03	2.0544e-13
5.8130e+03	1.9763e-13
5.8154e+03	1.7160e-13
5.8179e+03	1.9798e-13
5.8203e+03	2.1371e-13
5.8228e+03	1.7838e-13
5.8252e+03	1.5169e-13
5.8276e+03	1.6119e-13
5.8301e+03	1.7600e-13
5.8325e+03	1.9315e-13
5.8350e+03	1.9311e-13
5.8374e+03	1.9799e-13
5.8398e+03	2.3392e-13
5.8423e+03	2.0104e-13
5.8447e+03	2.2757e-13
5.8472e+03	2.3370e-13
5.8496e+03	2.0083e-13
5.8521e+03	1.8027e-13
5.8545e+03	1.3892e-13
5.8569e+03	1.5776e-13
5.8594e+03	1.7486e-13
5.8618e+03	1.5682e-13
5.8643e+03	1.7164e-13
5.8667e+03	1.8559e-13
5.8691e+03	1.4528e-13
5.8716e+03	1.3296e-13
5.8740e+03	1.9644e-13
5.8765e+03	2.0604e-13
5.8789e+03	1.7895e-13
5.8813e+03	1.9084e-13
5.8838e+03	2.0645e-13
5.8862e+03	2.2039e-13
5.8887e+03	1.8223e-13
5.8911e+03	1.7715e-13
5.8936e+03	1.4869e-13
5.8960e+03	1.4511e-13
5.8984e+03	1.4570e-13
5.9009e+03	1.7684e-13
5.9033e+03	1.3675e-13
5.9058e+03	1.5469e-13
5.9082e+03	1.6482e-13
5.9106e+03	2.3048e-13
5.9131e+03	2.1439e-13
5.9155e+03	2.0093e-13
5.9180e+03	2.0948e-13
5.9204e+03	1.8555e-13
5.9229e+03	1.3100e-13
5.9253e+03	1.8982e-13
5.9277e+03	1.9232e-13
5.9302e+03	2.0772e-13
5.9326e+03	2.0119e-13
5.9351e+03	2.0084e-13
5.9375e+03	1.5964e-13
5.9399e+03	1.7841e-13
5.9424e+03	1.5783e-13
5.9448e+03	1.4558e-13
5.9473e+03	1.6243e-13
5.9497e+03	1.8009e-13
5.9521e+03	1.8724e-13
5.9546e+03	1.9369e-13
5.9570e+03	1.9279e-13
5.9595e+03	1.6568e-13
5.9619e+03	2.0545e-13
5.9644e+03	2.9715e-13
5.9668e+03	2.2107e-13
5.9692e+03	1.7683e-13
5.9717e+03	2.2385e-13
5.9741e+03	1.9428e-13
5.9766e+03	1.9753e-13
5.9790e+03	2.4119e-13
5.9814e+03	1.9381e-13
5.9839e+03	1.8078e-13
5.9863e+03	1.6497e-13
5.9888e+03	2.1659e-13
5.9912e+03	2.1137e-13
5.9937e+03	2.0613e-13
5.9961e+03	1.6220e-13
5.9985e+03	2.1401e-13
6.0010e+03	2.1946e-13
6.0034e+03	1.9073e-13
6.0059e+03	1.7923e-13
6.0083e+03	1.7869e-13
6.0107e+03	1.8554e-13
6.0132e+03	2.2702e-13
6.0156e+03	2.2510e-13
6.0181e+03	1.9506e-13
6.0205e+03	1.9012e-13
6.0229e+03	1.5722e-13
6.0254e+03	1.7611e-13
6.0278e+03	1.7398e-13
6.0303e+03	1.7034e-13
6.0327e+03	1.7617e-13
6.0352e+03	2.2586e-13
6.0376e+03	2.2833e-13
6.0400e+03	2.2652e-13
6.0425e+03	2.5716e-13
6.0449e+03	2.3283e-13
6.0474e+03	2.1401e-13
6.0498e+03	2.3098e-13
6.0522e+03	1.9212e-13
6.0547e+03	2.3802e-13
6.0571e+03	2.9895e-13
6.0596e+03	2.5862e-13
6.0620e+03	1.9426e-13
6.0645e+03	2.5438e-13
6.0669e+03	2.3114e-13
6.0693e+03	2.4589e-13
6.0718e+03	2.1875e-13
6.0742e+03	2.3422e-13
6.0767e+03	2.0486e-13
6.0791e+03	2.1111e-13
6.0815e+03	2.3054e-13
6.0840e+03	2.6334e-13
6.0864e+03	2.8491e-13
6.0889e+03	2.5135e-13
6.0913e+03	2.1335e-13
6.0938e+03	2.4622e-13
6.0962e+03	2.5090e-13
6.0986e+03	2.6152e-13
6.1011e+03	2.6725e-13
6.1035e+03	3.0077e-13
6.1060e+03	2.3966e-13
6.1084e+03	2.4930e-13
6.1108e+03	2.2489e-13
6.1133e+03	2.1564e-13
6.1157e+03	2.2990e-13
6.1182e+03	2.2880e-13
6.1206e+03	2.1805e-13
6.1230e+03	1.9064e-13
6.1255e+03	1.8851e-13
6.1279e+03	2.6459e-13
6.1304e+03	2.4370e-13
6.1328e+03	2.4124e-13
6.1353e+03	2.7628e-13
6.1377e+03	3.5287e-13
6.1401e+03	2.8911e-13
6.1426e+03	2.4128e-13
6.1450e+03	2.7426e-13
6.1475e+03	2.6480e-13
6.1499e+03	2.3941e-13
6.1523e+03	2.8006e-13
6.1548e+03	2.7697e-13
6.1572e+03	2.9624e-13
6.1597e+03	3.8972e-13
6.1621e+03	3.8218e-13
6.1646e+03	3.1665e-13
6.1670e+03	3.2298e-13
6.1694e+03	2.8981e-13
6.1719e+03	3.2461e-13
6.1743e+03	3.4180e-13
6.1768e+03	2.5783e-13
6.1792e+03	2.3204e-13
6.1816e+03	2.6488e-13
6.1841e+03	2.4522e-13
6.1865e+03	2.1727e-13
6.1890e+03	2.2295e-13
6.1914e+03	2.5864e-13
6.1938e+03	2.2697e-13
6.1963e+03	2.6430e-13
6.1987e+03	2.8152e-13
6.2012e+03	2.5451e-13
6.2036e+03	1.6756e-13
6.2061e+03	2.0114e-13
6.2085e+03	2.3541e-13
6.2109e+03	2.4864e-13
6.2134e+03	2.6274e-13
6.2158e+03	2.2416e-13
6.2183e+03	1.7855e-13
6.2207e+03	1.7155e-13
6.2231e+03	1.8061e-13
6.2256e+03	2.4435e-13
6.2280e+03	2.2824e-13
6.2305e+03	2.3937e-13
6.2329e+03	2.2387e-13
6.2354e+03	2.0265e-13
6.2378e+03	2.0103e-13
6.2402e+03	1.8950e-13
6.2427e+03	1.9462e-13
6.2451e+03	1.7872e-13
6.2476e+03	1.7865e-13
6.2500e+03	2.0852e-13
6.2524e+03	2.0004e-13
6.2549e+03	1.9515e-13
6.2573e+03	2.3737e-13
6.2598e+03	9.2879e-13
6.2622e+03	9.7971e-12
6.2646e+03	2.7014e-11
6.2671e+03	3.2059e-11
6.2695e+03	2.2061e-11
6.2720e+03	2.2946e-11
6.2744e+03	2.1313e-11
6.2769e+03	2.2448e-11
6.2793e+03	2.4885e-11
6.2817e+03	2.2223e-11
6.2842e+03	1.4744e-11
6.2866e+03	1.5458e-11
6.2891e+03	1.6050e-11
6.2915e+03	1.5308e-11
6.2939e+03	1.6012e-11
6.2964e+03	1.4161e-11
6.2988e+03	1.2488e-11
6.3013e+03	1.7339e-11
6.3037e+03	1.7005e-11
6.3062e+03	1.1222e-11
6.3086e+03	1.0269e-11
6.3110e+03	1.2189e-11
6.3135e+03	1.0754e-11
6.3159e+03	7.4450e-12
6.3184e+03	8.6678e-12
6.3208e+03	8.9602e-12
6.3232e+03	8.7356e-12
6.3257e+03	7.7435e-12
6.3281e+03	8.0184e-12
6.3306e+03	6.9420e-12
6.3330e+03	5.1228e-12
6.3354e+03	7.2661e-12
6.3379e+03	6.8850e-12
6.3403e+03	5.7265e-12
6.3428e+03	4.9673e-12
6.3452e+03	4.7890e-12
6.3477e+03	4.3211e-12
6.3501e+03	4.1114e-12
6.3525e+03	3.4910e-12
6.3550e+03	4.1598e-12
6.3574e+03	5.0403e-12
6.3599e+03	4.3081e-12
6.3623e+03	4.8180e-12
6.3647e+03	5.0057e-12
6.3672e+03	3.4354e-12
6.3696e+03	4.0120e-12
6.3721e+03	3.7899e-12
6.3745e+03	2.7926e-12
6.3770e+03	3.8343e-12
6.3794e+03	4.6142e-12
6.3818e+03	3.1301e-12
6.3843e+03	2.4503e-12
6.3867e+03	3.5067e-12
6.3892e+03	3.7653e-12
6.3916e+03	3.3124e-12
6.3940e+03	2.9837e-12
6.3965e+03	3.0131e-12
6.3989e+03	2.5895e-12
6.4014e+03	1.6809e-12
6.4038e+03	1.4220e-12
6.4062e+03	1.5775e-12
6.4087e+03	1.5020e-12
6.4111e+03	1.3955e-12
6.4136e+03	1.4699e-12
6.4160e+03	1.1444e-12
6.4185e+03	1.0416e-12
6.4209e+03	8.0920e-13
6.4233e+03	6.6278e-13
6.4258e+03	6.9641e-13
6.4282e+03	5.8820e-13
6.4307e+03	4.5220e-13
6.4331e+03	4.5619e-13
6.4355e+03	4.1412e-13
6.4380e+03	3.3755e-13
6.4404e+03	3.7069e-13
6.4429e+03	4.6468e-13
6.4453e+03	4.3965e-13
6.4478e+03	3.6842e-13
6.4502e+03	3.1706e-13
6.4526e+03	3.0821e-13
6.4551e+03	2.6054e-13
6.4575e+03	2.1452e-13
6.4600e+03	2.2515e-13
6.4624e+03	2.0490e-13
6.4648e+03	2.5729e-13
6.4673e+03	2.4818e-13
6.4697e+03	2.6970e-13
6.4722e+03	2.6582e-13
6.4746e+03	2.2762e-13
6.4771e+03	1.7399e-13
6.4795e+03	2.0926e-13
6.4819e+03	1.6106e-13
6.4844e+03	1.8286e-13
6.4868e+03	2.6798e-13
6.4893e+03	2.5232e-13
6.4917e+03	1.9350e-13
6.4941e+03	2.1770e-13
6.4966e+03	2.4734e-13
6.4990e+03	2.9735e-13
6.5015e+03	2.9034e-13
6.5039e+03	2.3747e-13
6.5063e+03	1.8642e-13
6.5088e+03	1.9828e-13
6.5112e+03	2.1605e-13
6.5137e+03	2.4429e-13
6.5161e+03	2.8574e-13
6.5186e+03	2.6699e-13
6.5210e+03	2.2882e-13
6.5234e+03	2.7690e-13
6.5259e+03	3.5316e-13
6.5283e+03	3.8763e-13
6.5308e+03	4.1538e-13
6.5332e+03	3.9253e-13
6.5356e+03	3.4591e-13
6.5381e+03	4.2260e-13
6.5405e+03	4.2554e-13
6.5430e+03	4.2066e-13
6.5454e+03	5.4971e-13
6.5479e+03	6.2948e-13
6.5503e+03	6.8433e-13
6.5527e+03	7.1641e-13
6.5552e+03	9.4698e-13
6.5576e+03	9.8652e-13
6.5601e+03	1.1255e-12
6.5625e+03	1.5150e-12
6.5649e+03	1.5627e-12
6.5674e+03	1.6753e-12
6.5698e+03	1.7309e-12
6.5723e+03	1.5269e-12
6.5747e+03	2.0050e-12
6.5771e+03	2.6071e-12
6.5796e+03	2.9264e-12
6.5820e+03	3.3321e-12
6.5845e+03	3.6963e-12
6.5869e+03	4.1457e-12
6.5894e+03	3.9522e-12
6.5918e+03	2.7843e-12
6.5942e+03	3.2031e-12
6.5967e+03	4.8668e-12
6.5991e+03	4.1403e-12
6.6016e+03	3.3847e-12
6.6040e+03	4.1310e-12
6.6064e+03	4.2628e-12
6.6089e+03	4.4853e-12
6.6113e+03	5.8145e-12
6.6138e+03	5.3230e-12
6.6162e+03	4.6021e-12
6.6187e+03	5.6441e-12
6.6211e+03	4.4881e-12
6.6235e+03	3.9355e-12
6.6260e+03	4.5902e-12
6.6284e+03	5.0346e-12
6.6309e+03	5.2111e-12
6.6333e+03	5.5047e-12
6.6357e+03	6.2143e-12
6.6382e+03	7.4100e-12
6.6406e+03	7.6592e-12
6.6431e+03	5.5960e-12
6.6455e+03	7.3097e-12
6.6479e+03	8.6227e-12
6.6504e+03	8.4901e-12
6.6528e+03	9.4956e-12
6.6553e+03	9.0242e-12
6.6577e+03	9.1196e-12
6.6602e+03	8.0181e-12
6.6626e+03	1.1359e-11
6.6650e+03	1.3351e-11
6.6675e+03	1.1744e-11
6.6699e+03	1.2936e-11
6.6724e+03	1.9079e-11
6.6748e+03	1.9542e-11
6.6772e+03	1.4062e-11
6.6797e+03	1.5552e-11
6.6821e+03	1.7074e-11
6.6846e+03	1.6246e-11
6.6870e+03	1.7353e-11
6.6895e+03	1.8114e-11
6.6919e+03	1.7411e-11
6.6943e+03	2.5306e-11
6.6968e+03	2.8400e-11
6.6992e+03	2.5232e-11
6.7017e+03	2.3744e-11
6.7041e+03	2.4609e-11
6.7065e+03	2.5090e-11
6.7090e+03	3.5880e-11
6.7114e+03	2.8792e-11
6.7139e+03	1.0365e-11
6.7163e+03	7.9322e-13
6.7188e+03	1.4595e-13
6.7212e+03	1.9557e-13
6.7236e+03	1.7555e-13
6.7261e+03	1.6824e-13
6.7285e+03	2.2573e-13
6.7310e+03	2.4551e-13
6.7334e+03	2.6928e-13
6.7358e+03	2.7667e-13
6.7383e+03	2.1107e-13
6.7407e+03	2.1583e-13
6.7432e+03	2.2941e-13
6.7456e+03	2.0505e-13
6.7480e+03	1.8336e-13
6.7505e+03	1.8228e-13
6.7529e+03	2.0897e-13
6.7554e+03	2.3683e-13
6.7578e+03	2.2211e-13
6.7603e+03	1.9640e-13
6.7627e+03	1.7350e-13
6.7651e+03	1.8958e-13
6.7676e+03	2.2012e-13
6.7700e+03	2.2049e-13
6.7725e+03	1.9959e-13
6.7749e+03	2.3928e-13
6.7773e+03	2.7713e-13
6.7798e+03	2.4575e-13
6.7822e+03	2.3464e-13
6.7847e+03	1.9056e-13
6.7871e+03	1.5511e-13
6.7896e+03	1.8717e-13
6.7920e+03	1.5575e-13
6.7944e+03	1.6260e-13
6.7969e+03	3.7419e-13
6.7993e+03	1.2885e-12
6.8018e+03	2.1782e-12
6.8042e+03	1.9480e-12
6.8066e+03	1.6710e-12
6.8091e+03	1.7478e-12
6.8115e+03	1.6976e-12
6.8140e+03	1.9119e-12
6.8164e+03	1.8379e-12
6.8188e+03	1.4373e-12
6.8213e+03	1.2666e-12
6.8237e+03	1.4284e-12
6.8262e+03	1.1058e-12
6.8286e+03	1.0249e-12
6.8311e+03	1.0641e-12
6.8335e+03	1.0532e-12
6.8359e+03	1.0945e-12
6.8384e+03	1.3531e-12
6.8408e+03	1.1030e-12
6.8433e+03	8.8966e-13
6.8457e+03	9.9161e-13
6.8481e+03	9.4843e-13
6.8506e+03	6.1569e-13
6.8530e+03	6.4079e-13
6.8555e+03	6.9912e-13
6.8579e+03	7.0234e-13
6.8604e+03	7.8844e-13
6.8628e+03	7.1156e-13
6.8652e+03	7.3106e-13
6.8677e+03	5.2964e-13
6.8701e+03	5.4652e-13
6.8726e+03	6.5711e-13
6.8750e+03	5.9271e-13
6.8774e+03	6.0856e-13
6.8799e+03	5.2800e-13
6.8823e+03	4.9332e-13
6.8848e+03	5.2438e-13
6.8872e+03	4.9127e-13
6.8896e+03	4.1517e-13
6.8921e+03	5.3493e-13
6.8945e+03	5.5638e-13
6.8970e+03	4.8164e-13
6.8994e+03	5.8107e-13
6.9019e+03	6.4437e-13
6.9043e+03	5.3248e-13
6.9067e+03	3.9734e-13
6.9092e+03	3.6739e-13
6.9116e+03	4.1782e-13
6.9141e+03	4.5769e-13
6.9165e+03	4.7710e-13
6.9189e+03	3.5878e-13
6.9214e+03	4.2292e-13
6.9238e+03	4.4844e-13
6.9263e+03	4.2325e-13
6.9287e+03	4.4520e-13
6.9312e+03	4.1515e-13
6.9336e+03	3.5320e-13
6.9360e+03	3.6201e-13
6.9385e+03	3.0079e-13
6.9409e+03	2.5069e-13
6.9434e+03	2.6239e-13
6.9458e+03	2.6599e-13
6.9482e+03	2.6781e-13
6.9507e+03	2.7448e-13
6.9531e+03	2.3368e-13
6.9556e+03	2.6198e-13
6.9580e+03	2.4237e-13
6.9604e+03	2.0063e-13
6.9629e+03	2.1077e-13
6.9653e+03	1.9592e-13
6.9678e+03	1.7671e-13
6.9702e+03	1.6931e-13
6.9727e+03	2.0043e-13
6.9751e+03	1.8202e-13
6.9775e+03	1.9427e-13
6.9800e+03	2.1277e-13
6.9824e+03	2.2250e-13
6.9849e+03	2.0652e-13
6.9873e+03	1.9459e-13
6.9897e+03	1.4565e-13
6.9922e+03	1.3904e-13
6.9946e+03	1.7981e-13
6.9971e+03	1.7069e-13
6.9995e+03	1.7074e-13
7.0020e+03	1.5269e-13
7.0044e+03	1.3989e-13
7.0068e+03	1.4483e-13
7.0093e+03	1.9306e-13
7.0117e+03	2.3053e-13
7.0142e+03	1.9768e-13
7.0166e+03	1.7193e-13
7.0190e+03	1.4703e-13
7.0215e+03	1.5291e-13
7.0239e+03	2.0618e-13
7.0264e+03	1.6454e-13
7.0288e+03	1.1300e-13
7.0312e+03	1.3902e-13
7.0337e+03	1.3598e-13
7.0361e+03	1.3452e-13
7.0386e+03	1.7704e-13
7.0410e+03	1.8135e-13
7.0435e+03	1.6811e-13
7.0459e+03	1.6568e-13
7.0483e+03	1.5754e-13
7.0508e+03	1.3458e-13
7.0532e+03	1.4119e-13
7.0557e+03	1.2472e-13
7.0581e+03	1.5315e-13
7.0605e+03	1.5549e-13
7.0630e+03	1.5918e-13
7.0654e+03	1.8529e-13
7.0679e+03	2.1591e-13
7.0703e+03	1.8589e-13
7.0728e+03	1.5542e-13
7.0752e+03	1.4621e-13
7.0776e+03	1.6727e-13
7.0801e+03	1.6140e-13
7.0825e+03	1.7792e-13
7.0850e+03	2.0733e-13
7.0874e+03	2.0487e-13
7.0898e+03	1.7133e-13
7.0923e+03	2.1382e-13
7.0947e+03	2.1199e-13
7.0972e+03	2.3205e-13
7.0996e+03	2.7965e-13
7.1021e+03	2.4985e-13
7.1045e+03	2.3617e-13
7.1069e+03	2.4067e-13
7.1094e+03	2.3178e-13
7.1118e+03	2.4851e-13
7.1143e+03	3.7647e-13
7.1167e+03	3.6446e-13
7.1191e+03	3.3512e-13
7.1216e+03	3.7180e-13
7.1240e+03	3.3886e-13
7.1265e+03	2.7623e-13
7.1289e+03	3.0147e-13
7.1313e+03	3.9134e-13
7.1338e+03	4.1135e-13
7.1362e+03	3.0303e-13
7.1387e+03	2.8398e-13
7.1411e+03	3.9590e-13
7.1436e+03	3.5886e-13
7.1460e+03	3.8914e-13
7.1484e+03	4.4046e-13
7.1509e+03	3.8809e-13
7.1533e+03	4.0646e-13
7.1558e+03	4.4340e-13
7.1582e+03	3.4011e-13
7.1606e+03	3.5484e-13
7.1631e+03	3.9183e-13
7.1655e+03	3.7536e-13
7.1680e+03	4.2825e-13
7.1704e+03	4.7460e-13
7.1729e+03	5.8126e-13
7.1753e+03	5.9606e-13
7.1777e+03	5.4519e-13
7.1802e+03	4.1711e-13
7.1826e+03	7.1183e-13
7.1851e+03	5.7849e-13
7.1875e+03	6.7430e-13
7.1899e+03	7.2570e-13
7.1924e+03	7.7316e-13
7.1948e+03	6.1079e-13
7.1973e+03	6.8712e-13
7.1997e+03	9.3630e-13
7.2021e+03	8.7884e-13
7.2046e+03	7.2077e-13
7.2070e+03	9.7554e-13
7.2095e+03	1.2591e-12
7.2119e+03	9.8107e-13
7.2144e+03	9.4994e-13
7.2168e+03	1.0732e-12
7.2192e+03	1.1158e-12
7.2217e+03	1.1464e-12
7.2241e+03	1.2729e-12
7.2266e+03	9.3994e-13
7.2290e+03	1.2440e-12
7.2314e+03	1.6282e-12
7.2339e+03	1.6633e-12
7.2363e+03	1.5405e-12
7.2388e+03	1.7126e-12
7.2412e+03	1.6595e-12
7.2437e+03	1.7533e-12
7.2461e+03	2.2850e-12
7.2485e+03	1.3572e-12
7.2510e+03	3.6610e-13
7.2534e+03	1.4870e-13
7.2559e+03	1.2542e-13
7.2583e+03	1.0150e-13
7.2607e+03	1.2278e-13
7.2632e+03	1.0870e-13
7.2656e+03	9.3362e-14
7.2681e+03	1.0509e-13
7.2705e+03	1.0220e-13
7.2729e+03	1.1107e-13
7.2754e+03	1.1148e-13
7.2778e+03	1.1296e-13
7.2803e+03	1.3798e-13
7.2827e+03	1.2098e-13
7.2852e+03	1.3398e-13
7.2876e+03	1.1281e-13
7.2900e+03	8.8558e-14
7.2925e+03	9.5527e-14
7.2949e+03	1.0043e-13
7.2974e+03	1.3527e-13
7.2998e+03	1.3393e-13
7.3022e+03	1.2863e-13
7.3047e+03	1.1788e-13
7.3071e+03	8.5054e-14
7.3096e+03	1.1293e-13
7.3120e+03	1.4587e-13
7.3145e+03	1.4628e-13
7.3169e+03	1.2111e-13
7.3193e+03	1.3118e-13
7.3218e+03	1.2659e-13
7.3242e+03	1.1216e-13
7.3267e+03	1.1429e-13
7.3291e+03	1.3601e-13
7.3315e+03	1.2161e-13
7.3340e+03	1.1648e-13
7.3364e+03	1.4432e-13
7.3389e+03	1.7116e-13
7.3413e+03	1.3965e-13
7.3438e+03	1.4696e-13
7.3462e+03	1.4960e-13
7.3486e+03	1.6063e-13
7.3511e+03	1.8380e-13
7.3535e+03	1.6315e-13
7.3560e+03	1.2616e-13
7.3584e+03	1.4016e-13
7.3608e+03	1.2386e-13
7.3633e+03	1.2205e-13
7.3657e+03	1.3141e-13
7.3682e+03	1.2470e-13
7.3706e+03	1.1790e-13
7.3730e+03	1.4974e-13
7.3755e+03	1.5731e-13
7.3779e+03	1.1721e-13
7.3804e+03	1.1564e-13
7.3828e+03	1.3264e-13
7.3853e+03	1.1228e-13
7.3877e+03	8.2173e-14
7.3901e+03	9.6834e-14
7.3926e+03	1.0563e-13
7.3950e+03	1.1083e-13
7.3975e+03	9.6596e-14
7.3999e+03	1.0104e-13
7.4023e+03	1.1083e-13
7.4048e+03	1.1081e-13
7.4072e+03	1.2846e-13
7.4097e+03	1.3492e-13
7.4121e+03	1.2855e-13
7.4146e+03	1.1725e-13
7.4170e+03	1.1570e-13
7.4194e+03	1.0064e-13
7.4219e+03	9.9800e-14
7.4243e+03	1.2196e-13
7.4268e+03	1.2318e-13
7.4292e+03	1.0799e-13
7.4316e+03	1.0462e-13
7.4341e+03	8.9408e-14
7.4365e+03	9.9533e-14
7.4390e+03	1.0072e-13
7.4414e+03	1.0754e-13
7.4438e+03	1.0591e-13
7.4463e+03	1.0893e-13
7.4487e+03	1.0156e-13
7.4512e+03	9.4209e-14
7.4536e+03	1.3243e-13
7.4561e+03	1.2335e-13
7.4585e+03	8.7098e-14
7.4609e+03	9.7496e-14
7.4634e+03	9.8260e-14
7.4658e+03	9.5507e-14
7.4683e+03	1.1517e-13
7.4707e+03	1.0821e-13
7.4731e+03	9.1191e-14
7.4756e+03	1.0934e-13
7.4780e+03	8.6535e-14
7.4805e+03	7.4228e-14
7.4829e+03	7.8886e-14
7.4854e+03	7.4101e-14
7.4878e+03	6.9710e-14
7.4902e+03	7.4345e-14
7.4927e+03	8.6005e-14
7.4951e+03	9.0362e-14
7.4976e+03	1.0685e-13
7.5000e+03	9.3819e-14
7.5024e+03	8.0584e-14
7.5049e+03	7.7084e-14
7.5073e+03	7.3407e-14
7.5098e+03	8.2620e-14
7.5122e+03	9.1184e-14
7.5146e+03	7.5083e-14
7.5171e+03	8.1727e-14
7.5195e+03	9.1212e-14
7.5220e+03	9.3827e-14
7.5244e+03	8.2843e-14
7.5269e+03	7.9385e-14
7.5293e+03	7.4328e-14
7.5317e+03	9.0661e-14
7.5342e+03	8.9517e-14
7.5366e+03	7.2047e-14
7.5391e+03	9.1765e-14
7.5415e+03	8.5457e-14
7.5439e+03	7.7691e-14
7.5464e+03	1.1360e-13
7.5488e+03	1.0418e-13
7.5513e+03	7.1873e-14
7.5537e+03	7.7281e-14
7.5562e+03	7.9383e-14
7.5586e+03	8.0250e-14
7.5610e+03	7.6106e-14
7.5635e+03	6.9200e-14
7.5659e+03	6.7123e-14
7.5684e+03	6.5533e-14
7.5708e+03	7.3039e-14
7.5732e+03	6.8405e-14
7.5757e+03	7.5987e-14
7.5781e+03	9.4102e-14
7.5806e+03	8.3066e-14
7.5830e+03	8.0151e-14
7.5854e+03	8.2844e-14
7.5879e+03	6.2758e-14
7.5903e+03	5.6831e-14
7.5928e+03	7.5228e-14
7.5952e+03	8.0346e-14
7.5977e+03	9.0721e-14
7.6001e+03	9.0636e-14
7.6025e+03	7.8290e-14
7.6050e+03	6.1760e-14
7.6074e+03	5.6207e-14
7.6099e+03	6.7263e-14
7.6123e+03	6.4158e-14
7.6147e+03	5.7652e-14
7.6172e+03	6.4820e-14
7.6196e+03	7.0818e-14
7.6221e+03	7.7626e-14
7.6245e+03	7.4294e-14
7.6270e+03	8.2401e-14
7.6294e+03	7.2872e-14
7.6318e+03	7.2696e-14
7.6343e+03	7.7050e-14
7.6367e+03	8.8642e-14
7.6392e+03	6.4919e-14
7.6416e+03	5.2527e-14
7.6440e+03	5.5904e-14
7.6465e+03	5.8475e-14
7.6489e+03	5.7498e-14
7.6514e+03	6.7779e-14
7.6538e+03	7.3335e-14
7.6562e+03	5.6628e-14
7.6587e+03	6.4076e-14
7.6611e+03	7.1118e-14
7.6636e+03	8.1400e-14
7.6660e+03	9.2982e-14
7.6685e+03	7.8384e-14
7.6709e+03	8.1108e-14
7.6733e+03	8.1067e-14
7.6758e+03	6.7458e-14
7.6782e+03	7.2722e-14
7.6807e+03	7.2203e-14
7.6831e+03	6.9529e-14
7.6855e+03	5.3557e-14
7.6880e+03	5.9169e-14
7.6904e+03	7.6302e-14
7.6929e+03	7.9312e-14
7.6953e+03	6.3140e-14
7.6978e+03	6.5898e-14
7.7002e+03	7.5345e-14
7.7026e+03	6.8282e-14
7.7051e+03	5.4890e-14
7.7075e+03	6.6153e-14
7.7100e+03	7.7805e-14
7.7124e+03	7.9317e-14
7.7148e+03	8.8350e-14
7.7173e+03	8.1519e-14
7.7197e+03	8.4870e-14
7.7222e+03	8.3647e-14
7.7246e+03	9.3655e-14
7.7271e+03	9.3101e-14
7.7295e+03	1.0784e-13
7.7319e+03	1.0768e-13
7.7344e+03	9.4745e-14
7.7368e+03	1.0738e-13
7.7393e+03	1.0512e-13
7.7417e+03	1.1418e-13
7.7441e+03	1.1666e-13
7.7466e+03	9.8225e-14
7.7490e+03	1.0052e-13
7.7515e+03	9.8728e-14
7.7539e+03	1.0297e-13
7.7563e+03	1.1557e-13
7.7588e+03	1.2512e-13
7.7612e+03	9.4519e-14
7.7637e+03	8.8171e-14
7.7661e+03	1.1089e-13
7.7686e+03	1.0007e-13
7.7710e+03	9.4642e-14
7.7734e+03	8.9840e-14
7.7759e+03	9.5219e-14
7.7783e+03	8.8713e-14
7.7808e+03	8.8583e-14
7.7832e+03	9.3351e-14
7.7856e+03	8.1662e-14
7.7881e+03	5.7394e-14
7.7905e+03	4.5560e-14
7.7930e+03	5.5621e-14
7.7954e+03	5.2465e-14
7.7979e+03	4.1500e-14
7.8003e+03	4.0826e-14
7.8027e+03	4.6209e-14
7.8052e+03	5.8578e-14
7.8076e+03	5.5285e-14
7.8101e+03	4.3669e-14
7.8125e+03	5.9607e-14
7.8149e+03	6.4397e-14
7.8174e+03	4.5657e-14
7.8198e+03	4.6532e-14
7.8223e+03	5.0672e-14
7.8247e+03	4.8640e-14
7.8271e+03	4.8400e-14
7.8296e+03	5.6952e-14
7.8320e+03	5.1377e-14
7.8345e+03	4.2686e-14
7.8369e+03	5.0802e-14
7.8394e+03	5.1513e-14
7.8418e+03	5.9972e-14
7.8442e+03	5.3133e-14
7.8467e+03	3.6117e-14
7.8491e+03	3.1148e-14
7.8516e+03	3.0271e-14
7.8540e+03	4.1714e-14
7.8564e+03	4.4476e-14
7.8589e+03	4.7085e-14
7.8613e+03	5.1711e-14
7.8638e+03	4.2419e-14
7.8662e+03	4.1542e-14
7.8687e+03	4.4413e-14
7.8711e+03	4.1159e-14
7.8735e+03	5.4436e-14
7.8760e+03	6.2180e-14
7.8784e+03	5.3860e-14
7.8809e+03	4.6447e-14
7.8833e+03	3.7706e-14
7.8857e+03	3.9579e-14
7.8882e+03	3.7855e-14
7.8906e+03	3.6000e-14
7.8931e+03	3.6781e-14
7.8955e+03	3.5360e-14
7.8979e+03	5.2812e-14
7.9004e+03	4.7209e-14
7.9028e+03	3.8071e-14
7.9053e+03	3.0455e-14
7.9077e+03	3.6602e-14
7.9102e+03	4.2232e-14
7.9126e+03	3.8424e-14
7.9150e+03	3.5850e-14
7.9175e+03	5.0949e-14
7.9199e+03	4.2544e-14
7.9224e+03	3.7186e-14
7.9248e+03	3.2822e-14
7.9272e+03	4.2053e-14
7.9297e+03	3.9402e-14
7.9321e+03	3.0865e-14
7.9346e+03	3.8111e-14
7.9370e+03	3.9553e-14
7.9395e+03	4.5770e-14
7.9419e+03	4.4422e-14
7.9443e+03	3.7062e-14
7.9468e+03	3.8716e-14
7.9492e+03	4.1619e-14
7.9517e+03	3.6169e-14
7.9541e+03	3.5890e-14
7.9565e+03	4.0284e-14
7.9590e+03	2.5605e-14
7.9614e+03	3.0658e-14
7.9639e+03	3.1202e-14
7.9663e+03	2.8832e-14
7.9688e+03	4.2243e-14
7.9712e+03	3.9791e-14
7.9736e+03	3.6556e-14
7.9761e+03	3.7822e-14
7.9785e+03	4.2551e-14
7.9810e+03	3.0253e-14
7.9834e+03	3.2246e-14
7.9858e+03	2.8515e-14
7.9883e+03	2.8067e-14
7.9907e+03	3.0566e-14
7.9932e+03	3.6144e-14
7.9956e+03	4.0689e-14
7.9980e+03	4.0108e-14
8.0005e+03	3.6958e-14
8.0029e+03	2.8608e-14
8.0054e+03	2.8754e-14
8.0078e+03	2.9551e-14
8.0103e+03	3.1347e-14
8.0127e+03	3.8547e-14
8.0151e+03	2.7136e-14
8.0176e+03	2.9613e-14
8.0200e+03	4.0025e-14
8.0225e+03	3.2290e-14
8.0249e+03	3.5299e-14
8.0273e+03	4.0008e-14
8.0298e+03	3.4070e-14
8.0322e+03	3.3801e-14
8.0347e+03	3.4521e-14
8.0371e+03	2.9601e-14
8.0396e+03	3.3005e-14
8.0420e+03	4.2643e-14
8.0444e+03	3.5859e-14
8.0469e+03	3.2865e-14
8.0493e+03	3.2885e-14
8.0518e+03	3.0514e-14
8.0542e+03	3.6087e-14
8.0566e+03	3.5324e-14
8.0591e+03	3.3716e-14
8.0615e+03	3.3888e-14
8.0640e+03	3.6922e-14
8.0664e+03	3.5636e-14
8.0688e+03	3.5190e-14
8.0713e+03	3.3846e-14
8.0737e+03	3.1188e-14
8.0762e+03	2.8935e-14
8.0786e+03	2.9723e-14
8.0811e+03	3.7619e-14
8.0835e+03	4.2619e-14
8.0859e+03	4.3268e-14
8.0884e+03	4.5126e-14
8.0908e+03	3.4358e-14
8.0933e+03	3.3552e-14
8.0957e+03	3.4978e-14
8.0981e+03	2.8074e-14
8.1006e+03	3.5378e-14
8.1030e+03	3.5523e-14
8.1055e+03	3.4455e-14
8.1079e+03	3.1892e-14
8.1104e+03	3.8909e-14
8.1128e+03	5.7356e-14
8.1152e+03	4.6812e-14
8.1177e+03	4.5024e-14
8.1201e+03	5.3017e-14
8.1226e+03	5.4260e-14
8.1250e+03	4.0565e-14
8.1274e+03	4.1968e-14
8.1299e+03	4.5094e-14
8.1323e+03	4.8579e-14
8.1348e+03	4.9599e-14
8.1372e+03	5.1603e-14
8.1396e+03	4.1516e-14
8.1421e+03	5.2672e-14
8.1445e+03	6.3755e-14
8.1470e+03	5.6954e-14
8.1494e+03	4.9489e-14
8.1519e+03	4.7211e-14
8.1543e+03	4.7621e-14
8.1567e+03	7.1703e-14
8.1592e+03	6.7759e-14
8.1616e+03	3.9908e-14
8.1641e+03	2.6844e-14
8.1665e+03	2.5194e-14
8.1689e+03	2.8065e-14
8.1714e+03	2.4493e-14
8.1738e+03	2.6218e-14
8.1763e+03	3.1570e-14
8.1787e+03	2.6419e-14
8.1812e+03	2.7117e-14
8.1836e+03	3.4428e-14
8.1860e+03	3.0552e-14
8.1885e+03	1.8808e-14
8.1909e+03	2.1219e-14
8.1934e+03	2.8214e-14
8.1958e+03	2.6469e-14
8.1982e+03	2.5983e-14
8.2007e+03	2.0487e-14
8.2031e+03	2.2405e-14
8.2056e+03	1.9487e-14
8.2080e+03	2.1937e-14
8.2104e+03	2.6869e-14
8.2129e+03	2.7044e-14
8.2153e+03	3.0534e-14
8.2178e+03	2.5445e-14
8.2202e+03	2.5571e-14
8.2227e+03	2.3156e-14
8.2251e+03	2.6191e-14
8.2275e+03	2.1921e-14
8.2300e+03	2.0031e-14
8.2324e+03	2.1999e-14
8.2349e+03	2.6519e-14
8.2373e+03	2.2562e-14
8.2397e+03	2.6986e-14
8.2422e+03	3.1314e-14
8.2446e+03	1.1033e-13
8.2471e+03	5.8104e-13
8.2495e+03	1.1025e-12
8.2520e+03	9.7542e-13
8.2544e+03	8.0418e-13
8.2568e+03	8.4522e-13
8.2593e+03	7.5995e-13
8.2617e+03	8.3054e-13
8.2642e+03	8.5559e-13
8.2666e+03	6.9399e-13
8.2690e+03	4.8145e-13
8.2715e+03	6.0502e-13
8.2739e+03	5.6094e-13
8.2764e+03	5.6605e-13
8.2788e+03	5.4415e-13
8.2812e+03	4.7719e-13
8.2837e+03	4.8296e-13
8.2861e+03	6.4820e-13
8.2886e+03	5.3118e-13
8.2910e+03	3.7330e-13
8.2935e+03	4.2541e-13
8.2959e+03	4.6069e-13
8.2983e+03	3.4594e-13
8.3008e+03	2.7899e-13
8.3032e+03	3.4324e-13
8.3057e+03	3.3433e-13
8.3081e+03	3.1588e-13
8.3105e+03	2.7037e-13
8.3130e+03	3.1306e-13
8.3154e+03	2.1242e-13
8.3179e+03	2.2717e-13
8.3203e+03	2.8487e-13
8.3228e+03	2.4824e-13
8.3252e+03	2.0148e-13
8.3276e+03	1.8425e-13
8.3301e+03	1.7189e-13
8.3325e+03	1.6998e-13
8.3350e+03	1.4917e-13
8.3374e+03	1.3594e-13
8.3398e+03	1.7554e-13
8.3423e+03	1.7561e-13
8.3447e+03	1.6027e-13
8.3472e+03	1.9404e-13
8.3496e+03	1.6900e-13
8.3521e+03	1.3038e-13
8.3545e+03	1.7011e-13
8.3569e+03	1.2876e-13
8.3594e+03	1.0973e-13
8.3618e+03	1.5825e-13
8.3643e+03	1.6268e-13
8.3667e+03	1.0487e-13
8.3691e+03	1.0385e-13
8.3716e+03	1.3735e-13
8.3740e+03	1.4658e-13
8.3765e+03	1.2885e-13
8.3789e+03	1.2707e-13
8.3813e+03	1.2284e-13
8.3838e+03	8.8760e-14
8.3862e+03	7.0732e-14
8.3887e+03	7.3114e-14
8.3911e+03	7.2585e-14
8.3936e+03	6.7231e-14
8.3960e+03	7.0704e-14
8.3984e+03	6.4198e-14
8.4009e+03	5.4339e-14
8.4033e+03	5.3915e-14
8.4058e+03	4.0160e-14
8.4082e+03	4.3111e-14
8.4106e+03	4.4580e-14
8.4131e+03	3.5403e-14
8.4155e+03	3.0589e-14
8.4180e+03	3.5638e-14
8.4204e+03	3.0392e-14
8.4229e+03	2.6521e-14
8.4253e+03	3.0575e-14
8.4277e+03	3.6317e-14
8.4302e+03	3.4239e-14
8.4326e+03	2.6202e-14
8.4351e+03	2.7864e-14
8.4375e+03	2.9165e-14
8.4399e+03	2.2331e-14
8.4424e+03	2.1835e-14
8.4448e+03	2.1117e-14
8.4473e+03	2.4875e-14
8.4497e+03	2.8733e-14
8.4521e+03	2.5836e-14
8.4546e+03	2.5692e-14
8.4570e+03	2.6969e-14
8.4595e+03	2.1936e-14
8.4619e+03	1.9674e-14
8.4644e+03	2.1734e-14
8.4668e+03	1.8569e-14
8.4692e+03	2.5031e-14
8.4717e+03	3.0718e-14
8.4741e+03	2.5109e-14
8.4766e+03	2.2495e-14
8.4790e+03	2.4938e-14
8.4814e+03	2.7192e-14
8.4839e+03	3.3837e-14
8.4863e+03	2.8448e-14
8.4888e+03	2.1971e-14
8.4912e+03	2.1301e-14
8.4937e+03	2.4124e-14
8.4961e+03	2.7733e-14
8.4985e+03	2.7485e-14
8.5010e+03	2.8254e-14
8.5034e+03	2.2268e-14
8.5059e+03	2.3229e-14
8.5083e+03	2.9095e-14
8.5107e+03	3.2587e-14
8.5132e+03	3.4195e-14
8.5156e+03	3.4510e-14
8.5181e+03	3.2539e-14
8.5205e+03	2.9634e-14
8.5229e+03	3.4949e-14
8.5254e+03	2.9576e-14
8.5278e+03	3.0102e-14
8.5303e+03	3.8729e-14
8.5327e+03	4.1541e-14
8.5352e+03	4.0513e-14
8.5376e+03	4.6413e-14
8.5400e+03	5.5371e-14
8.5425e+03	4.9880e-14
8.5449e+03	6.4212e-14
8.5474e+03	7.3587e-14
8.5498e+03	7.3496e-14
8.5522e+03	7.7261e-14
8.5547e+03	7.1934e-14
8.5571e+03	7.6858e-14
8.5596e+03	1.0049e-13
8.5620e+03	1.0904e-13
8.5645e+03	1.2672e-13
8.5669e+03	1.4306e-13
8.5693e+03	1.4705e-13
8.5718e+03	1.5877e-13
8.5742e+03	1.3670e-13
8.5767e+03	1.0843e-13
8.5791e+03	1.5798e-13
8.5815e+03	1.7685e-13
8.5840e+03	1.4839e-13
8.5864e+03	1.2901e-13
8.5889e+03	1.5368e-13
8.5913e+03	1.6682e-13
8.5938e+03	2.0227e-13
8.5962e+03	2.2534e-13
8.5986e+03	1.8129e-13
8.6011e+03	1.8678e-13
8.6035e+03	2.0969e-13
8.6060e+03	1.5328e-13
8.6084e+03	1.6305e-13
8.6108e+03	1.8351e-13
8.6133e+03	1.8961e-13
8.6157e+03	1.9118e-13
8.6182e+03	2.2463e-13
8.6206e+03	2.3822e-13
8.6230e+03	2.8116e-13
8.6255e+03	2.4954e-13
8.6279e+03	1.9925e-13
8.6304e+03	2.9382e-13
8.6328e+03	2.9820e-13
8.6353e+03	3.1362e-13
8.6377e+03	3.1551e-13
8.6401e+03	3.0915e-13
8.6426e+03	3.0029e-13
8.6450e+03	2.8709e-13
8.6475e+03	4.2557e-13
8.6499e+03	4.6062e-13
8.6523e+03	3.9047e-13
8.6548e+03	4.9789e-13
8.6572e+03	6.8129e-13
8.6597e+03	5.7988e-13
8.6621e+03	4.7771e-13
8.6646e+03	5.2835e-13
8.6670e+03	5.4924e-13
8.6694e+03	5.2414e-13
8.6719e+03	6.3996e-13
8.6743e+03	5.9454e-13
8.6768e+03	6.6193e-13
8.6792e+03	8.9222e-13
8.6816e+03	9.4350e-13
8.6841e+03	8.0823e-13
8.6865e+03	8.2152e-13
8.6890e+03	8.1252e-13
8.6914e+03	9.3236e-13
8.6938e+03	1.1777e-12
8.6963e+03	7.3196e-13
8.6987e+03	1.8465e-13
8.7012e+03	2.5919e-14
8.7036e+03	1.9658e-14
8.7061e+03	2.5826e-14
8.7085e+03	2.0671e-14
8.7109e+03	2.3520e-14
8.7134e+03	3.0678e-14
8.7158e+03	3.1540e-14
8.7183e+03	3.7600e-14
8.7207e+03	3.5481e-14
8.7231e+03	2.6987e-14
8.7256e+03	2.8645e-14
8.7280e+03	3.0360e-14
8.7305e+03	2.6161e-14
8.7329e+03	2.3085e-14
8.7354e+03	2.4787e-14
8.7378e+03	2.8940e-14
8.7402e+03	3.1914e-14
8.7427e+03	2.7880e-14
8.7451e+03	2.5567e-14
8.7476e+03	2.3087e-14
8.7500e+03	2.7057e-14
8.7524e+03	3.1035e-14
8.7549e+03	2.9503e-14
8.7573e+03	2.7413e-14
8.7598e+03	3.6478e-14
8.7622e+03	3.7097e-14
8.7646e+03	3.1740e-14
8.7671e+03	3.0315e-14
8.7695e+03	2.3842e-14
8.7720e+03	2.1019e-14
8.7744e+03	3.6260e-14
8.7769e+03	4.1685e-14
8.7793e+03	1.3747e-12
8.7817e+03	4.1611e-11
8.7842e+03	1.3689e-10
8.7866e+03	1.9399e-10
8.7891e+03	1.3770e-10
8.7915e+03	1.2627e-10
8.7939e+03	1.2214e-10
8.7964e+03	1.2542e-10
8.7988e+03	1.4672e-10
8.8013e+03	1.3719e-10
8.8037e+03	9.5124e-11
8.8062e+03	8.8189e-11
8.8086e+03	9.0141e-11
8.8110e+03	8.5869e-11
8.8135e+03	9.4104e-11
8.8159e+03	8.2968e-11
8.8184e+03	7.1783e-11
8.8208e+03	9.7173e-11
8.8232e+03	1.0371e-10
8.8257e+03	7.0948e-11
8.8281e+03	5.8106e-11
8.8306e+03	6.7675e-11
8.8330e+03	6.2451e-11
8.8354e+03	4.3922e-11
8.8379e+03	4.6151e-11
8.8403e+03	4.7220e-11
8.8428e+03	4.8098e-11
8.8452e+03	4.4153e-11
8.8477e+03	4.3088e-11
8.8501e+03	3.8875e-11
8.8525e+03	2.8095e-11
8.8550e+03	3.8295e-11
8.8574e+03	3.8492e-11
8.8599e+03	3.0670e-11
8.8623e+03	2.7369e-11
8.8647e+03	2.6105e-11
8.8672e+03	2.4018e-11
8.8696e+03	2.2084e-11
8.8721e+03	1.8822e-11
8.8745e+03	2.0731e-11
8.8770e+03	2.6788e-11
8.8794e+03	2.2696e-11
8.8818e+03	2.4790e-11
8.8843e+03	2.7996e-11
8.8867e+03	1.9753e-11
8.8892e+03	1.9692e-11
8.8916e+03	2.1857e-11
8.8940e+03	1.5691e-11
8.8965e+03	1.8900e-11
8.8989e+03	2.3762e-11
8.9014e+03	1.6527e-11
8.9038e+03	1.1892e-11
8.9062e+03	1.7709e-11
8.9087e+03	2.0279e-11
8.9111e+03	1.7590e-11
8.9136e+03	1.4873e-11
8.9160e+03	1.4067e-11
8.9185e+03	1.2305e-11
8.9209e+03	8.9398e-12
8.9233e+03	6.2894e-12
8.9258e+03	7.3027e-12
8.9282e+03	7.4694e-12
8.9307e+03	6.0894e-12
8.9331e+03	6.6599e-12
8.9355e+03	5.0223e-12
8.9380e+03	4.0324e-12
8.9404e+03	3.4316e-12
8.9429e+03	2.4163e-12
8.9453e+03	2.2565e-12
8.9478e+03	1.8949e-12
8.9502e+03	1.7501e-12
8.9526e+03	1.3851e-12
8.9551e+03	1.2235e-12
8.9575e+03	1.0943e-12
8.9600e+03	8.1892e-13
8.9624e+03	8.0101e-13
8.9648e+03	7.3849e-13
8.9673e+03	7.4630e-13
8.9697e+03	5.8703e-13
8.9722e+03	4.4557e-13
8.9746e+03	3.1983e-13
8.9771e+03	2.4943e-13
8.9795e+03	1.8622e-13
8.9819e+03	1.1781e-13
8.9844e+03	9.3139e-14
8.9868e+03	6.7485e-14
8.9893e+03	6.7190e-14
8.9917e+03	6.5893e-14
8.9941e+03	5.5484e-14
8.9966e+03	4.4165e-14
8.9990e+03	3.2102e-14
9.0015e+03	2.9014e-14
9.0039e+03	2.5785e-14
9.0063e+03	3.0174e-14
9.0088e+03	3.4976e-14
9.0112e+03	2.5860e-14
9.0137e+03	2.0384e-14
9.0161e+03	2.7293e-14
9.0186e+03	2.9846e-14
9.0210e+03	4.4993e-14
9.0234e+03	6.8494e-14
9.0259e+03	8.5259e-14
9.0283e+03	8.8707e-14
9.0308e+03	1.0194e-13
9.0332e+03	1.0048e-13
9.0356e+03	1.2745e-13
9.0381e+03	1.9994e-13
9.0405e+03	2.8827e-13
9.0430e+03	4.1647e-13
9.0454e+03	5.3174e-13
9.0479e+03	6.7985e-13
9.0503e+03	7.5137e-13
9.0527e+03	7.7442e-13
9.0552e+03	8.0339e-13
9.0576e+03	9.0115e-13
9.0601e+03	1.1485e-12
9.0625e+03	1.2696e-12
9.0649e+03	1.4834e-12
9.0674e+03	1.6956e-12
9.0698e+03	2.0117e-12
9.0723e+03	2.1974e-12
9.0747e+03	2.7497e-12
9.0771e+03	3.7428e-12
9.0796e+03	4.3340e-12
9.0820e+03	5.7516e-12
9.0845e+03	5.9485e-12
9.0869e+03	6.0775e-12
9.0894e+03	7.1921e-12
9.0918e+03	5.8466e-12
9.0942e+03	6.9085e-12
9.0967e+03	1.0609e-11
9.0991e+03	1.2499e-11
9.1016e+03	1.3592e-11
9.1040e+03	1.4764e-11
9.1064e+03	1.7829e-11
9.1089e+03	1.7772e-11
9.1113e+03	1.2124e-11
9.1138e+03	1.2230e-11
9.1162e+03	2.0583e-11
9.1187e+03	1.9337e-11
9.1211e+03	1.3907e-11
9.1235e+03	1.7492e-11
9.1260e+03	1.9506e-11
9.1284e+03	1.6046e-11
9.1309e+03	2.2450e-11
9.1333e+03	2.4236e-11
9.1357e+03	1.9899e-11
9.1382e+03	2.2962e-11
9.1406e+03	2.0832e-11
9.1431e+03	1.6454e-11
9.1455e+03	1.8244e-11
9.1479e+03	2.0580e-11
9.1504e+03	2.2508e-11
9.1528e+03	2.3286e-11
9.1553e+03	2.5816e-11
9.1577e+03	3.1227e-11
9.1602e+03	3.5058e-11
9.1626e+03	2.6880e-11
9.1650e+03	2.9387e-11
9.1675e+03	3.7800e-11
9.1699e+03	3.6986e-11
9.1724e+03	4.1294e-11
9.1748e+03	4.1192e-11
9.1772e+03	4.1154e-11
9.1797e+03	3.6253e-11
9.1821e+03	4.8603e-11
9.1846e+03	5.7859e-11
9.1870e+03	5.2742e-11
9.1895e+03	5.2214e-11
9.1919e+03	7.9364e-11
9.1943e+03	8.9819e-11
9.1968e+03	6.4278e-11
9.1992e+03	6.6081e-11
9.2017e+03	7.6731e-11
9.2041e+03	7.6631e-11
9.2065e+03	7.3032e-11
9.2090e+03	7.6772e-11
9.2114e+03	7.0450e-11
9.2139e+03	1.0439e-10
9.2163e+03	1.2166e-10
9.2188e+03	1.1170e-10
9.2212e+03	9.9293e-11
9.2236e+03	1.0544e-10
9.2261e+03	1.0393e-10
9.2285e+03	1.4899e-10
9.2310e+03	1.3929e-10
9.2334e+03	5.9917e-11
9.2358e+03	5.9665e-12
9.2383e+03	5.2211e-14
9.2407e+03	2.7191e-14
9.2432e+03	2.3108e-14
9.2456e+03	2.6217e-14
9.2480e+03	2.2159e-14
9.2505e+03	2.0108e-14
9.2529e+03	2.2889e-14
9.2554e+03	2.3386e-14
9.2578e+03	2.3892e-14
9.2603e+03	2.4276e-14
9.2627e+03	2.5808e-14
9.2651e+03	2.9194e-14
9.2676e+03	2.4582e-14
9.2700e+03	2.9500e-14
9.2725e+03	2.2909e-14
9.2749e+03	2.0323e-14
9.2773e+03	2.1450e-14
9.2798e+03	2.4069e-14
9.2822e+03	3.0109e-14
9.2847e+03	2.9371e-14
9.2871e+03	2.8259e-14
9.2896e+03	2.4664e-14
9.2920e+03	1.8476e-14
9.2944e+03	3.0172e-14
9.2969e+03	3.3958e-14
9.2993e+03	3.1027e-14
9.3018e+03	2.6911e-14
9.3042e+03	3.0290e-14
9.3066e+03	2.5431e-14
9.3091e+03	2.5057e-14
9.3115e+03	2.8016e-14
9.3140e+03	3.0416e-14
9.3164e+03	3.7057e-14
9.3188e+03	1.0638e-13
9.3213e+03	2.0037e-13
9.3237e+03	1.9823e-13
9.3262e+03	1.3984e-13
9.3286e+03	1.4933e-13
9.3311e+03	1.4621e-13
9.3335e+03	1.7886e-13
9.3359e+03	1.9842e-13
9.3384e+03	1.4538e-13
9.3408e+03	1.0621e-13
9.3433e+03	1.2568e-13
9.3457e+03	1.0338e-13
9.3481e+03	1.0492e-13
9.3506e+03	1.0896e-13
9.3530e+03	9.8272e-14
9.3555e+03	1.0732e-13
9.3579e+03	1.6073e-13
9.3604e+03	1.2095e-13
9.3628e+03	7.9917e-14
9.3652e+03	9.3329e-14
9.3677e+03	9.8313e-14
9.3701e+03	6.6437e-14
9.3726e+03	5.9228e-14
9.3750e+03	6.2224e-14
9.3774e+03	6.3552e-14
9.3799e+03	7.2172e-14
9.3823e+03	6.3031e-14
9.3848e+03	6.9190e-14
9.3872e+03	5.8955e-14
9.3896e+03	5.8441e-14
9.3921e+03	7.9623e-14
9.3945e+03	6.6888e-14
9.3970e+03	6.4059e-14
9.3994e+03	5.4994e-14
9.4019e+03	5.0328e-14
9.4043e+03	4.6732e-14
9.4067e+03	4.7397e-14
9.4092e+03	5.5708e-14
9.4116e+03	6.0766e-14
9.4141e+03	5.0997e-14
9.4165e+03	4.4556e-14
9.4189e+03	5.1034e-14
9.4214e+03	5.1185e-14
9.4238e+03	4.4448e-14
9.4263e+03	4.7471e-14
9.4287e+03	3.8981e-14
9.4312e+03	4.8716e-14
9.4336e+03	3.8548e-14
9.4360e+03	4.7142e-14
9.4385e+03	4.8799e-14
9.4409e+03	3.8783e-14
9.4434e+03	4.0215e-14
9.4458e+03	4.3466e-14
9.4482e+03	3.8858e-14
9.4507e+03	4.0819e-14
9.4531e+03	4.5402e-14
9.4556e+03	4.0766e-14
9.4580e+03	3.6636e-14
9.4604e+03	3.4213e-14
9.4629e+03	2.8654e-14
9.4653e+03	2.7658e-14
9.4678e+03	3.0669e-14
9.4702e+03	2.7587e-14
9.4727e+03	2.1564e-14
9.4751e+03	2.3831e-14
9.4775e+03	2.3251e-14
9.4800e+03	2.7242e-14
9.4824e+03	3.0273e-14
9.4849e+03	2.5541e-14
9.4873e+03	2.2142e-14
9.4897e+03	2.1863e-14
9.4922e+03	2.3887e-14
9.4946e+03	2.5168e-14
9.4971e+03	2.4730e-14
9.4995e+03	1.9286e-14
9.5020e+03	2.3716e-14
9.5044e+03	2.5084e-14
9.5068e+03	2.7383e-14
9.5093e+03	2.2030e-14
9.5117e+03	2.2944e-14
9.5142e+03	2.2993e-14
9.5166e+03	2.7907e-14
9.5190e+03	2.4750e-14
9.5215e+03	2.2897e-14
9.5239e+03	2.5422e-14
9.5264e+03	2.0906e-14
9.5288e+03	2.4279e-14
9.5312e+03	3.4635e-14
9.5337e+03	2.5875e-14
9.5361e+03	1.9980e-14
9.5386e+03	2.1942e-14
9.5410e+03	2.2165e-14
9.5435e+03	2.1484e-14
9.5459e+03	2.1393e-14
9.5483e+03	2.0765e-14
9.5508e+03	1.9031e-14
9.5532e+03	1.7876e-14
9.5557e+03	2.0675e-14
9.5581e+03	1.9503e-14
9.5605e+03	2.2902e-14
9.5630e+03	2.3582e-14
9.5654e+03	2.5352e-14
9.5679e+03	2.4669e-14
9.5703e+03	2.4010e-14
9.5728e+03	1.6367e-14
9.5752e+03	2.0342e-14
9.5776e+03	2.5457e-14
9.5801e+03	2.3435e-14
9.5825e+03	2.4646e-14
9.5850e+03	2.7714e-14
9.5874e+03	2.1468e-14
9.5898e+03	1.9661e-14
9.5923e+03	1.7233e-14
9.5947e+03	2.3495e-14
9.5972e+03	2.2561e-14
9.5996e+03	2.0942e-14
9.6021e+03	2.3163e-14
9.6045e+03	2.6948e-14
9.6069e+03	2.6754e-14
9.6094e+03	2.3873e-14
9.6118e+03	2.5968e-14
9.6143e+03	2.2195e-14
9.6167e+03	2.2017e-14
9.6191e+03	2.6885e-14
9.6216e+03	3.0203e-14
9.6240e+03	2.4355e-14
9.6265e+03	2.4482e-14
9.6289e+03	3.1689e-14
9.6313e+03	3.2790e-14
9.6338e+03	3.3699e-14
9.6362e+03	3.6887e-14
9.6387e+03	3.7472e-14
9.6411e+03	3.5168e-14
9.6436e+03	4.0574e-14
9.6460e+03	3.8013e-14
9.6484e+03	3.7308e-14
9.6509e+03	4.7313e-14
9.6533e+03	4.6007e-14
9.6558e+03	4.0859e-14
9.6582e+03	3.9387e-14
9.6606e+03	4.3709e-14
9.6631e+03	4.0315e-14
9.6655e+03	4.1119e-14
9.6680e+03	5.0331e-14
9.6704e+03	3.9690e-14
9.6729e+03	4.1854e-14
9.6753e+03	5.4702e-14
9.6777e+03	4.4031e-14
9.6802e+03	3.7906e-14
9.6826e+03	4.3403e-14
9.6851e+03	4.6427e-14
9.6875e+03	4.5434e-14
9.6899e+03	4.3510e-14
9.6924e+03	5.3540e-14
9.6948e+03	6.7648e-14
9.6973e+03	6.6848e-14
9.6997e+03	5.8132e-14
9.7021e+03	6.9350e-14
9.7046e+03	6.6324e-14
9.7070e+03	6.9329e-14
9.7095e+03	7.3847e-14
9.7119e+03	7.2934e-14
9.7144e+03	8.4091e-14
9.7168e+03	7.0488e-14
9.7192e+03	9.3413e-14
9.7217e+03	1.0423e-13
9.7241e+03	9.3135e-14
9.7266e+03	1.1484e-13
9.7290e+03	1.3394e-13
9.7314e+03	1.1787e-13
9.7339e+03	9.9424e-14
9.7363e+03	1.0961e-13
9.7388e+03	1.1932e-13
9.7412e+03	1.2100e-13
9.7437e+03	1.3360e-13
9.7461e+03	1.0685e-13
9.7485e+03	1.2275e-13
9.7510e+03	1.6330e-13
9.7534e+03	1.5224e-13
9.7559e+03	1.4128e-13
9.7583e+03	1.4572e-13
9.7607e+03	1.6267e-13
9.7632e+03	1.4706e-13
9.7656e+03	1.8611e-13
9.7681e+03	1.4466e-13
9.7705e+03	5.6724e-14
9.7729e+03	1.9085e-14
9.7754e+03	2.0732e-14
9.7778e+03	2.2626e-14
9.7803e+03	1.8016e-14
9.7827e+03	1.4372e-14
9.7852e+03	1.2970e-14
9.7876e+03	1.8791e-14
9.7900e+03	2.1880e-14
9.7925e+03	1.8365e-14
9.7949e+03	1.5503e-14
9.7974e+03	1.9929e-14
9.7998e+03	1.7610e-14
9.8022e+03	1.6902e-14
9.8047e+03	1.8903e-14
9.8071e+03	1.9383e-14
9.8096e+03	1.6437e-14
9.8120e+03	1.9104e-14
9.8145e+03	1.6423e-14
9.8169e+03	1.4421e-14
9.8193e+03	1.4318e-14
9.8218e+03	2.1764e-14
9.8242e+03	1.9653e-14
9.8267e+03	2.1818e-14
9.8291e+03	1.6925e-14
9.8315e+03	1.4198e-14
9.8340e+03	1.2559e-14
9.8364e+03	1.1397e-14
9.8389e+03	1.6788e-14
9.8413e+03	1.6496e-14
9.8438e+03	1.6367e-14
9.8462e+03	1.7817e-14
9.8486e+03	1.2583e-14
9.8511e+03	1.3943e-14
9.8535e+03	1.9183e-14
9.8560e+03	3.0948e-14
9.8584e+03	4.2738e-14
9.8608e+03	3.1582e-14
9.8633e+03	2.6676e-14
9.8657e+03	2.7725e-14
9.8682e+03	2.5874e-14
9.8706e+03	2.6095e-14
9.8730e+03	2.5088e-14
9.8755e+03	2.0225e-14
9.8779e+03	2.0859e-14
9.8804e+03	2.4567e-14
9.8828e+03	2.8596e-14
9.8853e+03	2.4884e-14
9.8877e+03	2.2895e-14
9.8901e+03	2.0653e-14
9.8926e+03	2.3949e-14
9.8950e+03	2.5357e-14
9.8975e+03	2.3663e-14
9.8999e+03	2.2921e-14
9.9023e+03	2.8107e-14
9.9048e+03	2.1733e-14
9.9072e+03	1.8488e-14
9.9097e+03	2.0798e-14
9.9121e+03	2.3363e-14
9.9146e+03	1.9473e-14
9.9170e+03	1.4134e-14
9.9194e+03	1.7100e-14
9.9219e+03	2.0217e-14
9.9243e+03	1.9464e-14
9.9268e+03	2.1566e-14
9.9292e+03	2.1133e-14
9.9316e+03	2.1033e-14
9.9341e+03	2.0203e-14
9.9365e+03	1.3694e-14
9.9390e+03	1.4211e-14
9.9414e+03	1.8380e-14
9.9438e+03	1.3645e-14
9.9463e+03	1.5097e-14
9.9487e+03	1.4288e-14
9.9512e+03	1.8607e-14
9.9536e+03	2.2984e-14
9.9561e+03	1.9128e-14
9.9585e+03	1.5592e-14
9.9609e+03	2.0288e-14
9.9634e+03	1.7678e-14
9.9658e+03	1.3745e-14
9.9683e+03	1.6448e-14
9.9707e+03	1.4785e-14
9.9731e+03	1.4382e-14
9.9756e+03	1.6384e-14
9.9780e+03	1.7495e-14
9.9805e+03	1.9527e-14
9.9829e+03	1.6885e-14
9.9854e+03	1.5055e-14
9.9878e+03	1.3560e-14
9.9902e+03	1.5348e-14
9.9927e+03	1.6394e-14
9.9951e+03	2.0568e-14
9.9976e+03	1.7229e-14
1.0000e+04	5.6851e-15
